time	open	High	Low	Close	VOL	E
2010-08-16	5.800	6.440	5.710	6.170	5193214	3121563136.000
2010-08-17	6.000	6.100	5.770	6.000	3165841	1883589632.000
2010-08-18	5.980	6.120	5.880	6.050	2232802	1340366848.000
2010-08-19	6.100	6.140	5.870	5.960	2169618	1296252800.000
2010-08-20	5.790	5.820	5.600	5.700	1646030	936490112.000
2010-08-23	5.700	5.830	5.590	5.780	1014862	576719232.000
2010-08-24	5.710	5.900	5.650	5.790	1702620	985686656.000
2010-08-25	5.700	5.720	5.480	5.490	1013234	567591808.000
2010-08-26	5.490	5.780	5.420	5.690	988173	555413632.000
2010-08-27	5.640	5.700	5.590	5.660	535896	303424384.000
2010-08-30	5.650	5.740	5.620	5.710	700546	398772192.000
2010-08-31	5.700	5.860	5.530	5.580	996730	562073088.000
2010-09-01	5.580	5.620	5.450	5.500	611099	337215936.000
2010-09-02	5.560	5.560	5.440	5.480	539257	295584576.000
2010-09-03	5.480	5.480	5.290	5.350	722907	388474080.000
2010-09-06	5.400	5.560	5.350	5.530	810449	442944928.000
2010-09-07	5.540	5.540	5.410	5.460	458566	250224304.000
2010-09-08	5.420	5.430	5.360	5.410	355358	191343952.000
2010-09-09	5.400	5.450	5.310	5.330	401073	215372416.000
2010-09-10	5.330	5.540	5.250	5.460	583404	314150528.000
2010-09-13	5.430	5.530	5.390	5.510	486552	265355040.000
2010-09-14	5.530	5.550	5.410	5.430	495904	270795840.000
2010-09-15	5.410	5.420	5.260	5.290	356644	189907456.000
2010-09-16	5.270	5.370	5.170	5.220	320320	168343904.000
2010-09-17	5.250	5.260	5.070	5.090	329735	169486992.000
2010-09-20	5.110	5.120	4.920	4.940	300386	149728384.000
2010-09-21	4.920	4.950	4.810	4.850	246327	119936848.000
2010-09-27	4.860	4.920	4.810	4.910	247605	120357360.000
2010-09-28	4.890	4.890	4.700	4.710	311644	148749728.000
2010-09-29	4.680	4.810	4.600	4.800	347969	163167968.000
2010-09-30	4.720	4.980	4.720	4.900	485190	237508944.000
2010-10-08	4.930	4.970	4.850	4.910	314754	154759920.000
2010-10-11	4.900	4.990	4.880	4.950	377076	186100016.000
2010-10-12	4.940	5.010	4.910	4.930	289615	143410016.000
2010-10-13	4.930	4.960	4.850	4.920	321153	157132272.000
2010-10-14	4.920	5.070	4.910	4.930	511752	255679392.000
2010-10-15	4.910	4.980	4.810	4.980	508094	247716512.000
2010-10-18	5.050	5.420	4.980	5.300	1124337	589249600.000
2010-10-19	5.190	5.250	5.140	5.240	505442	262361504.000
2010-10-20	5.120	5.180	5.070	5.110	442218	226448848.000
2010-10-21	5.130	5.130	4.980	5.020	313375	157821616.000
2010-10-22	5.040	5.090	5.000	5.020	208223	104739568.000
2010-10-25	5.030	5.120	4.990	5.080	314787	159236416.000
2010-10-26	5.090	5.100	4.980	5.010	315338	158057536.000
2010-10-27	5.000	5.030	4.940	4.960	261609	130227176.000
2010-10-28	4.940	4.970	4.890	4.950	212826	105018024.000
2010-10-29	4.970	5.110	4.960	5.070	340368	171942128.000
2010-11-01	5.090	5.220	5.000	5.150	521575	265574032.000
2010-11-02	5.120	5.200	5.080	5.090	411417	211381504.000
2010-11-03	5.090	5.170	5.060	5.060	267660	136784032.000
2010-11-04	5.060	5.130	5.060	5.100	250074	127259912.000
2010-11-05	5.110	5.610	5.080	5.610	1394566	767668608.000
2010-11-08	5.650	5.700	5.480	5.610	1658571	926867648.000
2010-11-09	5.520	5.590	5.420	5.470	668072	367344544.000
2010-11-10	5.470	5.640	5.430	5.530	468053	260033184.000
2010-11-11	5.500	5.560	5.400	5.420	448446	245068272.000
2010-11-12	5.370	5.440	4.970	5.050	519279	270874464.000
2010-11-15	5.060	5.180	5.000	5.130	321558	162994528.000
2010-11-16	4.900	4.920	4.620	4.700	2873428	1367184384.000
2010-11-17	4.610	4.710	4.500	4.520	971982	444896864.000
2010-11-18	4.560	4.610	4.350	4.440	987973	437439680.000
2010-11-19	4.440	4.540	4.410	4.510	757893	339455008.000
2010-11-22	4.480	4.520	4.440	4.490	572882	256125216.000
2010-11-23	4.480	4.480	4.270	4.350	575831	250516304.000
2010-11-24	4.350	4.460	4.320	4.450	500811	221121440.000
2010-11-25	4.450	4.550	4.390	4.540	963392	432123360.000
2010-11-26	4.510	4.520	4.410	4.450	459342	205011296.000
2010-11-29	4.460	4.560	4.450	4.510	545258	245720672.000
2010-11-30	4.500	4.500	4.280	4.350	571544	249884176.000
2010-12-01	4.340	4.370	4.310	4.350	241908	104994024.000
2010-12-02	4.390	4.500	4.360	4.390	493699	218295792.000
2010-12-03	4.390	4.450	4.330	4.410	372083	163068944.000
2010-12-06	4.400	4.490	4.330	4.470	596079	263559936.000
2010-12-07	4.430	4.550	4.370	4.520	850094	380901760.000
2010-12-08	4.500	4.500	4.420	4.430	442300	197395792.000
2010-12-09	4.400	4.420	4.320	4.340	385595	168199360.000
2010-12-10	4.310	4.380	4.300	4.360	249378	108234256.000
2010-12-13	4.370	4.460	4.350	4.450	604907	266560400.000
2010-12-14	4.450	4.470	4.410	4.440	402553	178455376.000
2010-12-15	4.440	4.520	4.420	4.440	467162	208662560.000
2010-12-16	4.450	4.510	4.400	4.460	424826	189266592.000
2010-12-17	4.580	4.820	4.560	4.620	1691915	795130496.000
2010-12-20	4.600	4.700	4.420	4.630	1102896	505687200.000
2010-12-21	4.560	4.650	4.550	4.620	556362	256141472.000
2010-12-22	4.620	4.640	4.510	4.590	476689	217990464.000
2010-12-23	4.580	4.590	4.470	4.470	444950	200559120.000
2010-12-24	4.450	4.480	4.410	4.420	283333	125704480.000
2010-12-27	4.450	4.460	4.270	4.290	499320	217700400.000
2010-12-28	4.280	4.300	4.140	4.150	379204	159023728.000
2010-12-29	4.160	4.230	4.140	4.220	259111	108376800.000
2010-12-30	4.200	4.210	4.130	4.160	279975	116383472.000
2010-12-31	4.160	4.240	4.160	4.230	289565	121405776.000
2011-01-04	4.230	4.280	4.200	4.270	296868	126063824.000
2011-01-05	4.250	4.270	4.220	4.240	255771	108358552.000
2011-01-06	4.240	4.270	4.230	4.250	188448	80033736.000
2011-01-07	4.250	4.290	4.210	4.260	374845	159349824.000
2011-01-10	4.260	4.260	4.140	4.150	252839	106183240.000
2011-01-11	4.140	4.220	4.130	4.210	180976	75753664.000
2011-01-12	4.210	4.230	4.170	4.210	154674	64947912.000
2011-01-13	4.210	4.230	4.180	4.200	175870	73891512.000
2011-01-14	4.190	4.200	4.140	4.140	194050	80654576.000
2011-01-17	4.140	4.140	3.970	3.970	299971	120785864.000
2011-01-18	3.950	3.970	3.930	3.960	125910	49741724.000
2011-01-19	3.970	4.030	3.960	4.020	145561	58247192.000
2011-01-20	4.000	4.000	3.800	3.800	308237	119698496.000
2011-01-21	3.790	3.900	3.780	3.850	239238	92072344.000
2011-01-24	3.860	3.960	3.840	3.900	221880	86679176.000
2011-01-25	3.900	3.910	3.830	3.880	130949	50623108.000
2011-01-26	3.890	3.950	3.880	3.950	166295	65273888.000
2011-01-27	3.910	4.080	3.910	4.060	487777	196560384.000
2011-01-28	4.060	4.090	4.000	4.060	247659	100113040.000
2011-01-31	4.070	4.070	4.020	4.060	207347	83940072.000
2011-02-01	4.070	4.080	4.040	4.070	132523	53742124.000
2011-02-09	4.030	4.060	3.970	3.990	181764	73032008.000
2011-02-10	3.970	4.050	3.960	4.050	219066	87926856.000
2011-02-11	4.030	4.120	4.030	4.090	231770	94594832.000
2011-02-14	4.090	4.200	4.080	4.180	408667	169934720.000
2011-02-15	4.180	4.200	4.140	4.160	333297	138919504.000
2011-02-16	4.150	4.330	4.110	4.310	579306	244579744.000
2011-02-17	4.280	4.320	4.230	4.260	396063	168759408.000
2011-02-18	4.250	4.250	4.160	4.190	228987	96236736.000
2011-02-21	4.150	4.260	4.140	4.260	246032	103871416.000
2011-02-22	4.250	4.270	4.110	4.120	303602	126727144.000
2011-02-23	4.100	4.280	4.100	4.250	354247	148968032.000
2011-02-24	4.250	4.320	4.200	4.290	376292	160999856.000
2011-02-25	4.280	4.290	4.220	4.280	219432	93445528.000
2011-02-28	4.280	4.320	4.230	4.310	299396	128499816.000
2011-03-01	4.320	4.420	4.300	4.370	477096	208731728.000
2011-03-02	4.360	4.370	4.270	4.310	316137	136296896.000
2011-03-03	4.300	4.350	4.210	4.220	281262	120096080.000
2011-03-04	4.220	4.340	4.210	4.300	271566	116301424.000
2011-03-07	4.310	4.360	4.290	4.340	351327	151966928.000
2011-03-08	4.350	4.460	4.300	4.400	622587	272928320.000
2011-03-09	4.390	4.440	4.370	4.380	343509	151053744.000
2011-03-10	4.380	4.380	4.280	4.300	322816	139466464.000
2011-03-11	4.290	4.330	4.260	4.270	241561	103721616.000
2011-03-14	4.460	4.540	4.360	4.380	607608	268005504.000
2011-03-15	4.410	4.820	4.330	4.820	2294700	1086342656.000
2011-03-16	5.000	5.300	4.920	5.170	4507944	2320010752.000
2011-03-17	5.030	5.100	4.850	4.940	2145148	1065565568.000
2011-03-18	4.890	4.930	4.680	4.710	1476538	700599680.000
2011-03-21	4.660	4.680	4.520	4.550	915909	419440736.000
2011-03-22	4.550	4.660	4.530	4.580	720110	331564128.000
2011-03-23	4.530	4.640	4.500	4.630	633343	289520768.000
2011-03-24	4.630	4.870	4.560	4.760	1314171	626431488.000
2011-03-25	4.690	4.750	4.670	4.700	732771	344539136.000
2011-03-28	4.760	4.830	4.660	4.690	599983	282610016.000
2011-03-29	4.730	5.100	4.720	5.020	1618346	791741568.000
2011-03-30	4.910	4.970	4.810	4.840	881147	430335584.000
2011-03-31	4.840	4.910	4.660	4.700	593396	281795392.000
2011-04-01	4.660	4.760	4.660	4.720	343589	161691792.000
2011-04-06	4.700	4.700	4.600	4.640	459316	213054112.000
2011-04-07	4.640	4.640	4.550	4.610	383815	176210096.000
2011-04-08	4.620	4.760	4.610	4.720	466190	218845616.000
2011-04-11	4.730	4.760	4.630	4.650	390027	182193664.000
2011-04-12	4.650	4.750	4.610	4.690	379300	177538304.000
2011-04-13	4.670	4.840	4.620	4.800	655860	312714048.000
2011-04-14	4.800	4.860	4.730	4.750	428629	204518896.000
2011-04-15	4.740	4.740	4.630	4.690	376339	176087632.000
2011-04-18	4.680	4.710	4.650	4.700	278305	130234112.000
2011-04-19	4.660	4.670	4.540	4.550	543448	248700448.000
2011-04-20	4.550	4.590	4.530	4.570	257058	117079448.000
2011-04-21	4.570	4.690	4.540	4.650	384431	177744656.000
2011-04-22	4.610	4.700	4.580	4.630	358332	166649120.000
2011-04-25	4.600	4.620	4.480	4.490	367929	166115984.000
2011-04-26	4.480	4.530	4.390	4.400	231784	102990976.000
2011-04-27	4.440	4.470	4.310	4.360	215519	94678328.000
2011-04-28	4.360	4.380	4.210	4.230	232701	99820288.000
2011-04-29	4.220	4.290	4.220	4.290	136525	58173360.000
2011-05-03	4.290	4.420	4.250	4.390	205953	89494944.000
2011-05-04	4.370	4.370	4.260	4.270	202016	86982224.000
2011-05-05	4.250	4.310	4.240	4.290	104865	44847588.000
2011-05-06	4.260	4.300	4.220	4.270	128379	54692988.000
2011-05-09	4.270	4.320	4.260	4.290	105963	45474776.000
2011-05-10	4.290	4.300	4.250	4.290	120713	51503116.000
2011-05-11	4.290	4.370	4.260	4.330	208451	90050696.000
2011-05-12	4.300	4.330	4.250	4.260	152055	65199736.000
2011-05-13	4.250	4.280	4.210	4.280	153723	65248308.000
2011-05-16	4.280	4.290	4.230	4.240	118553	50503576.000
2011-05-17	4.230	4.250	4.160	4.210	180943	76120888.000
2011-05-19	4.230	4.290	4.230	4.250	161737	68938552.000
2011-05-20	4.250	4.260	4.200	4.240	111097	46954808.000
2011-05-23	4.240	4.250	4.050	4.060	204641	84348440.000
2011-05-24	4.050	4.060	3.980	4.030	169366	68002752.000
2011-05-25	4.040	4.070	4.000	4.000	110352	44497592.000
2011-05-26	4.010	4.050	3.980	3.980	98976	39740084.000
2011-05-27	3.980	4.180	3.960	4.050	206856	83720288.000
2011-05-30	4.020	4.060	3.990	4.000	156406	62772168.000
2011-05-31	4.000	4.070	3.990	4.060	112711	45422600.000
2011-06-01	4.060	4.170	4.040	4.130	188135	77435472.000
2011-06-02	4.100	4.180	4.070	4.130	237965	98293024.000
2011-06-03	4.120	4.170	4.100	4.150	142462	58993480.000
2011-06-07	4.150	4.160	4.120	4.140	87685	36284284.000
2011-06-08	4.130	4.160	4.080	4.140	134807	55435448.000
2011-06-09	4.140	4.180	4.070	4.070	132182	54658692.000
2011-06-10	4.080	4.360	4.080	4.230	343188	144225424.000
2011-06-13	4.170	4.290	4.160	4.230	209997	88804568.000
2011-06-14	4.210	4.340	4.190	4.300	225234	96494768.000
2011-06-15	4.300	4.330	4.270	4.310	205602	88501328.000
2011-06-16	4.310	4.400	4.270	4.280	281117	121837744.000
2011-06-17	4.270	4.350	4.210	4.230	214743	92122208.000
2011-06-20	4.230	4.240	4.140	4.210	186481	78051584.000
2011-06-21	4.210	4.370	4.210	4.370	304119	131309656.000
2011-06-22	4.350	4.460	4.330	4.360	245060	107445080.000
2011-06-23	4.360	4.460	4.350	4.430	266040	117419024.000
2011-06-24	4.430	4.530	4.410	4.480	342649	153738400.000
2011-06-27	4.480	4.520	4.440	4.500	245758	110113008.000
2011-06-28	4.500	4.510	4.460	4.500	191607	85835360.000
2011-06-29	4.480	4.560	4.450	4.500	303196	137018336.000
2011-06-30	4.510	4.620	4.490	4.600	389639	178442672.000
2011-07-01	4.610	4.650	4.520	4.530	346183	158571712.000
2011-07-04	4.560	4.620	4.530	4.610	276819	126328904.000
2011-07-05	4.600	4.610	4.530	4.540	197263	89779928.000
2011-07-06	4.530	4.560	4.480	4.550	238567	107713240.000
2011-07-07	4.520	4.560	4.490	4.500	197693	89316384.000
2011-07-08	4.510	4.670	4.500	4.650	485105	223656640.000
2011-07-11	4.640	4.890	4.610	4.800	670169	319173216.000
2011-07-12	4.750	4.850	4.630	4.660	454824	213687744.000
2011-07-13	4.650	4.840	4.610	4.830	431280	204596240.000
2011-07-14	4.810	4.960	4.810	4.920	683735	335825888.000
2011-07-15	4.930	4.980	4.840	4.890	354772	173656560.000
2011-07-18	4.950	4.970	4.730	4.770	360596	173379616.000
2011-07-19	4.740	4.820	4.710	4.780	224232	106903032.000
2011-07-20	4.780	4.820	4.640	4.700	264947	124568640.000
2011-07-21	4.740	4.760	4.660	4.680	217740	102539528.000
2011-07-22	4.700	4.720	4.590	4.620	247038	114817112.000
2011-07-25	4.590	4.650	4.420	4.450	353463	159597856.000
2011-07-26	4.450	4.530	4.440	4.500	216510	96885472.000
2011-07-27	4.700	4.720	4.570	4.610	308994	143203408.000
2011-07-28	4.550	4.580	4.500	4.530	186896	84693912.000
2011-07-29	4.550	4.560	4.450	4.460	169347	76301112.000
2011-08-01	4.450	4.600	4.450	4.560	160781	73049792.000
2011-08-02	4.550	4.590	4.450	4.580	159873	72220976.000
2011-08-03	4.560	4.650	4.520	4.580	137000	63023120.000
2011-08-04	4.600	4.620	4.570	4.590	109115	50188248.000
2011-08-05	4.490	4.520	4.430	4.460	166785	74667248.000
2011-08-08	4.410	4.420	4.120	4.180	248315	105626504.000
2011-08-09	4.080	4.240	4.000	4.180	211617	87006096.000
2011-08-10	4.270	4.310	4.200	4.210	162434	69105080.000
2011-08-11	4.130	4.260	4.080	4.250	123843	51995616.000
2011-08-12	4.280	4.350	4.260	4.280	134452	57868948.000
2011-08-15	4.280	4.350	4.280	4.330	102510	44293868.000
2011-08-16	4.330	4.370	4.280	4.290	104192	44980496.000
2011-08-17	4.280	4.290	4.210	4.240	112107	47585868.000
2011-08-18	4.240	4.300	4.210	4.220	101053	42936424.000
2011-08-19	4.140	4.220	4.120	4.200	105818	44240332.000
2011-08-22	4.200	4.230	4.140	4.170	94668	39625532.000
2011-08-23	4.190	4.250	4.170	4.240	74986	31580938.000
2011-08-24	4.260	4.300	4.240	4.250	88938	37968680.000
2011-08-25	4.250	4.350	4.250	4.340	156816	67678624.000
2011-08-26	4.340	4.370	4.310	4.350	127171	55125904.000
2011-08-29	4.310	4.330	4.250	4.250	94051	40251036.000
2011-08-30	4.300	4.320	4.190	4.200	115016	48923464.000
2011-08-31	4.210	4.230	4.160	4.210	49826	20914928.000
2011-09-01	4.220	4.240	4.180	4.200	48474	20399366.000
2011-09-02	4.190	4.200	4.120	4.140	67969	28258888.000
2011-09-05	4.120	4.140	4.060	4.060	89691	36635988.000
2011-09-06	4.010	4.090	4.010	4.050	77129	31184998.000
2011-09-07	4.080	4.120	4.040	4.120	65189	26622712.000
2011-09-08	4.130	4.140	4.060	4.060	65015	26611720.000
2011-09-09	4.070	4.110	4.060	4.090	56071	22878860.000
2011-09-13	4.040	4.070	4.000	4.060	51804	20916994.000
2011-09-14	4.080	4.100	4.020	4.100	52637	21392456.000
2011-09-15	4.110	4.140	4.090	4.100	45745	18833602.000
2011-09-19	4.090	4.090	4.020	4.020	53408	21607964.000
2011-09-20	4.020	4.060	4.020	4.040	40884	16513354.000
2011-09-21	4.030	4.170	4.030	4.140	101974	42046368.000
2011-09-22	4.110	4.130	4.050	4.060	66975	27406880.000
2011-09-23	4.020	4.090	4.000	4.080	61396	24841738.000
2011-09-26	4.080	4.110	4.030	4.040	49429	20100248.000
2011-09-27	4.060	4.090	4.050	4.070	44775	18210840.000
2011-09-28	4.110	4.120	4.010	4.030	67846	27559200.000
2011-09-29	4.010	4.050	4.010	4.010	79322	31920480.000
2011-09-30	4.020	4.040	4.000	4.010	64145	25738088.000
2011-10-10	4.030	4.040	3.890	3.900	104630	41343080.000
2011-10-11	4.000	4.020	3.900	3.930	58179	22998060.000
2011-10-12	3.910	4.120	3.890	4.080	118193	47534624.000
2011-10-13	4.050	4.130	4.050	4.090	103168	42202128.000
2011-10-14	4.060	4.100	4.040	4.060	63046	25612474.000
2011-10-17	4.080	4.100	4.040	4.060	52660	21395720.000
2011-10-18	4.050	4.050	3.970	3.980	76041	30447696.000
2011-10-19	3.980	4.010	3.960	3.980	39086	15567394.000
2011-10-20	3.960	3.990	3.920	3.930	64472	25429790.000
2011-10-21	3.960	3.980	3.920	3.960	48297	19110480.000
2011-10-24	3.980	4.050	3.950	4.050	79377	31818792.000
2011-10-25	4.030	4.110	4.020	4.090	110867	45166372.000
2011-10-26	4.060	4.120	4.050	4.090	102021	41765392.000
2011-10-27	4.100	4.120	4.070	4.080	75430	30912932.000
2011-10-28	4.140	4.150	4.090	4.120	102016	41976396.000
2011-10-31	4.130	4.140	4.100	4.130	83129	34265344.000
2011-11-01	4.100	4.140	4.070	4.090	96161	39434708.000
2011-11-02	4.050	4.130	4.030	4.130	122966	50061232.000
2011-11-03	4.140	4.170	4.110	4.120	178261	73917104.000
2011-11-04	4.120	4.220	4.110	4.190	171530	71482408.000
2011-11-07	4.170	4.190	4.140	4.150	86345	35907744.000
2011-11-08	4.150	4.170	4.100	4.110	77959	32264504.000
2011-11-09	4.120	4.150	4.080	4.130	85836	35258416.000
2011-11-10	4.100	4.110	4.060	4.060	93830	38281480.000
2011-11-11	4.060	4.100	4.040	4.050	71226	28960794.000
2011-11-14	4.080	4.180	4.060	4.140	191975	79030424.000
2011-11-15	4.120	4.120	4.080	4.100	125878	51586904.000
2011-11-16	4.100	4.130	4.010	4.020	165734	67349520.000
2011-11-17	4.020	4.060	4.010	4.030	85852	34602512.000
2011-11-18	4.020	4.020	3.950	3.960	97781	38869572.000
2011-11-21	3.960	3.990	3.950	3.970	46188	18315614.000
2011-11-22	3.950	3.970	3.930	3.960	48683	19239952.000
2011-11-23	3.950	3.980	3.930	3.940	54767	21626224.000
2011-11-24	3.920	3.960	3.910	3.930	43678	17158216.000
2011-11-25	3.940	3.950	3.900	3.910	39027	15307620.000
2011-11-28	3.900	3.930	3.870	3.900	72175	28136864.000
2011-11-29	3.940	3.940	3.900	3.920	62869	24636842.000
2011-11-30	3.920	3.930	3.750	3.760	127947	48917392.000
2011-12-01	3.860	3.880	3.800	3.820	105445	40435304.000
2011-12-02	3.790	3.840	3.760	3.810	72956	27775840.000
2011-12-05	3.830	3.840	3.730	3.770	45556	17218900.000
2011-12-06	3.770	3.790	3.750	3.780	51622	19431168.000
2011-12-07	3.780	3.810	3.760	3.790	40207	15233527.000
2011-12-08	3.800	3.810	3.730	3.770	50990	19186860.000
2011-12-09	3.740	3.760	3.710	3.720	42834	15988393.000
2011-12-12	3.720	3.720	3.640	3.640	45645	16759443.000
2011-12-13	3.610	3.640	3.530	3.550	84304	30185892.000
2011-12-14	3.550	3.550	3.470	3.480	45054	15807751.000
2011-12-15	3.410	3.450	3.300	3.370	85510	28860172.000
2011-12-16	3.340	3.440	3.330	3.430	61924	20935116.000
2011-12-19	3.400	3.440	3.310	3.440	76968	26063960.000
2011-12-20	3.410	3.490	3.390	3.470	75236	25893890.000
2011-12-21	3.480	3.500	3.400	3.460	51140	17646144.000
2011-12-22	3.430	3.470	3.330	3.460	78207	26630380.000
2011-12-23	3.440	3.550	3.420	3.530	84412	29512484.000
2011-12-26	3.520	3.530	3.460	3.470	61102	21372420.000
2011-12-27	3.470	3.470	3.360	3.410	68647	23331320.000
2011-12-28	3.390	3.400	3.250	3.370	180797	59820580.000
2011-12-29	3.330	3.380	3.300	3.360	88933	29575180.000
2011-12-30	3.350	3.430	3.340	3.420	68054	23080300.000
2012-01-04	3.410	3.430	3.310	3.320	45157	15285789.000
2012-01-05	3.320	3.330	3.260	3.260	49708	16374150.000
2012-01-06	3.240	3.320	3.240	3.300	49082	16095984.000
2012-01-09	3.320	3.410	3.280	3.400	77261	25927188.000
2012-01-10	3.390	3.540	3.350	3.510	151287	52365928.000
2012-01-11	3.490	3.510	3.460	3.470	75791	26376076.000
2012-01-12	3.470	3.510	3.440	3.450	64511	22365088.000
2012-01-13	3.460	3.470	3.320	3.350	81580	27522808.000
2012-01-16	3.300	3.340	3.270	3.280	41038	13582387.000
2012-01-17	3.280	3.450	3.280	3.440	84627	28675268.000
2012-01-18	3.450	3.490	3.410	3.420	117354	40543224.000
2012-01-19	3.440	3.470	3.400	3.420	76482	26252296.000
2012-01-20	3.440	3.450	3.390	3.440	86766	29737726.000
2012-01-30	3.440	3.460	3.340	3.350	111224	37782008.000
2012-01-31	3.360	3.380	3.330	3.370	52391	17561060.000
2012-02-01	3.370	3.390	3.320	3.340	63657	21322208.000
2012-02-02	3.340	3.410	3.320	3.390	78032	26235330.000
2012-02-03	3.380	3.490	3.360	3.460	172407	59166932.000
2012-02-06	3.460	3.480	3.420	3.440	101045	34826976.000
2012-02-07	3.450	3.450	3.360	3.370	77780	26378972.000
2012-02-08	3.370	3.450	3.320	3.440	126462	42836796.000
2012-02-09	3.420	3.570	3.410	3.540	305842	107376320.000
2012-02-10	3.520	3.570	3.500	3.520	154526	54607260.000
2012-02-13	3.500	3.580	3.440	3.550	183851	64619064.000
2012-02-14	3.530	3.550	3.490	3.540	144249	50619464.000
2012-02-15	3.520	3.590	3.500	3.580	180424	64126424.000
2012-02-16	3.570	3.650	3.560	3.590	154431	55576704.000
2012-02-17	3.610	3.650	3.580	3.640	166647	60346888.000
2012-02-20	3.660	3.670	3.580	3.580	180695	65416020.000
2012-02-21	3.580	3.600	3.540	3.580	109508	39054200.000
2012-02-22	3.590	3.630	3.570	3.620	156583	56464444.000
2012-02-23	3.620	3.630	3.580	3.610	181378	65431280.000
2012-02-24	3.620	3.670	3.590	3.660	215613	78441928.000
2012-02-27	3.660	3.740	3.650	3.660	270805	100132688.000
2012-02-28	3.660	3.720	3.630	3.700	237677	87524768.000
2012-02-29	3.670	3.700	3.620	3.630	135142	49497976.000
2012-03-01	3.620	3.650	3.600	3.610	88797	32203900.000
2012-03-02	3.650	3.680	3.630	3.680	125579	45899036.000
2012-03-05	3.690	3.830	3.680	3.710	290756	109114880.000
2012-03-06	3.710	3.710	3.640	3.640	155641	57082976.000
2012-03-07	3.600	3.650	3.590	3.610	131030	47455040.000
2012-03-08	3.620	3.670	3.620	3.650	107057	39092752.000
2012-03-09	3.650	3.700	3.630	3.680	124375	45551928.000
2012-03-12	3.680	3.740	3.670	3.740	168375	62274368.000
2012-03-13	3.730	3.770	3.690	3.760	137953	51466092.000
2012-03-14	3.780	3.780	3.560	3.590	266724	98028848.000
2012-03-15	3.580	3.620	3.530	3.550	142089	50755380.000
2012-03-16	3.550	3.910	3.550	3.830	543353	205098112.000
2012-03-19	3.780	3.820	3.740	3.800	309914	117366704.000
2012-03-20	3.770	3.790	3.660	3.670	212945	79236648.000
2012-03-21	3.690	3.720	3.630	3.680	131956	48485440.000
2012-03-22	3.670	3.900	3.620	3.780	368952	138809568.000
2012-03-23	3.740	3.790	3.690	3.710	170653	63875248.000
2012-03-26	3.710	3.730	3.670	3.690	74124	27419772.000
2012-03-27	3.710	3.800	3.710	3.740	163441	61358740.000
2012-03-28	3.740	3.750	3.580	3.600	144751	52841800.000
2012-03-29	3.620	3.630	3.450	3.460	134063	47279080.000
2012-03-30	3.440	3.490	3.400	3.430	108723	37349176.000
2012-04-05	3.430	3.510	3.410	3.500	122516	42490264.000
2012-04-06	3.490	3.510	3.460	3.490	73992	25790008.000
2012-04-09	3.480	3.480	3.430	3.430	83801	28904144.000
2012-04-10	3.420	3.490	3.370	3.480	88542	30268888.000
2012-04-11	3.440	3.490	3.410	3.480	88353	30506356.000
2012-04-12	3.480	3.550	3.440	3.520	150918	52867464.000
2012-04-13	3.520	3.560	3.510	3.540	141427	50046608.000
2012-04-16	3.510	3.590	3.510	3.560	85681	30529196.000
2012-04-17	3.560	3.590	3.490	3.490	82896	29329724.000
2012-04-18	3.500	3.610	3.500	3.590	117337	41798044.000
2012-04-19	3.580	3.610	3.550	3.610	116596	41707560.000
2012-04-20	3.580	3.640	3.580	3.640	120925	43845408.000
2012-04-23	3.630	3.740	3.610	3.680	172342	63162028.000
2012-04-24	3.620	3.680	3.520	3.600	160588	57835132.000
2012-04-25	3.600	3.640	3.550	3.640	147573	53138868.000
2012-04-26	3.620	3.740	3.600	3.670	202101	73972448.000
2012-04-27	3.640	3.690	3.610	3.610	142713	52046856.000
2012-05-02	3.670	3.690	3.630	3.670	144563	52932672.000
2012-05-03	3.680	3.710	3.650	3.700	143801	53032164.000
2012-05-04	3.690	3.710	3.650	3.670	132753	48734428.000
2012-05-07	3.650	3.690	3.640	3.680	121834	44718928.000
2012-05-08	3.680	3.710	3.650	3.680	136649	50198568.000
2012-05-09	3.680	3.800	3.650	3.680	319158	118608192.000
2012-05-10	3.660	3.680	3.600	3.630	155658	56530312.000
2012-05-11	3.620	3.630	3.550	3.560	118030	42338224.000
2012-05-14	3.600	3.610	3.510	3.520	121953	43344384.000
2012-05-15	3.490	3.530	3.480	3.530	93130	32662486.000
2012-05-16	3.500	3.530	3.480	3.480	78090	27303914.000
2012-05-17	3.480	3.540	3.480	3.530	96227	33759192.000
2012-05-18	3.520	3.560	3.490	3.500	111102	39153916.000
2012-05-21	3.510	3.550	3.500	3.520	60993	21485450.000
2012-05-22	3.530	3.550	3.520	3.550	60834	21487812.000
2012-05-23	3.540	3.550	3.460	3.490	111012	38883136.000
2012-05-24	3.480	3.510	3.450	3.460	72747	25272292.000
2012-05-25	3.460	3.480	3.390	3.410	90085	30887134.000
2012-05-28	3.410	3.460	3.390	3.450	93920	32108024.000
2012-05-30	3.480	3.510	3.460	3.490	107216	37377648.000
2012-05-31	3.480	3.480	3.430	3.460	86425	29849276.000
2012-06-01	3.460	3.520	3.440	3.500	95206	33229454.000
2012-06-04	3.460	3.470	3.390	3.390	102106	35035796.000
2012-06-05	3.400	3.420	3.380	3.390	62460	21204918.000
2012-06-06	3.390	3.410	3.370	3.390	46390	15734926.000
2012-06-07	3.410	3.420	3.360	3.360	74015	25101114.000
2012-06-08	3.380	3.390	3.350	3.360	45215	15252164.000
2012-06-11	3.370	3.410	3.350	3.400	53152	17980122.000
2012-06-12	3.380	3.390	3.320	3.330	100433	33599564.000
2012-06-13	3.340	3.390	3.320	3.380	90375	30331264.000
2012-06-14	3.380	3.380	3.330	3.370	85705	28796464.000
2012-06-15	3.380	3.390	3.340	3.380	69726	23479556.000
2012-06-18	3.390	3.400	3.380	3.390	65280	22120794.000
2012-06-19	3.390	3.390	3.340	3.360	66111	22214488.000
2012-06-20	3.370	3.370	3.350	3.360	46914	15753408.000
2012-06-21	3.360	3.360	3.280	3.290	84781	28140760.000
2012-06-25	3.300	3.310	3.240	3.250	56643	18563120.000
2012-06-26	3.260	3.290	3.250	3.280	41912	13694283.000
2012-06-27	3.280	3.290	3.210	3.220	65046	21163820.000
2012-06-28	3.230	3.250	3.150	3.150	86166	27495984.000
2012-06-29	3.170	3.170	3.090	3.160	107946	33841792.000
2012-07-02	3.170	3.180	3.150	3.170	58789	18603120.000
2012-07-03	3.170	3.230	3.160	3.200	67918	21763820.000
2012-07-04	3.210	3.230	3.180	3.190	35742	11414036.000
2012-07-05	3.180	3.200	3.100	3.100	68874	21557520.000
2012-07-06	3.130	3.160	3.090	3.140	53070	16566996.000
2012-07-09	3.130	3.150	3.040	3.050	89782	27805360.000
2012-07-10	3.040	3.060	3.030	3.060	43204	13167580.000
2012-07-11	3.050	3.080	3.040	3.080	33455	10242420.000
2012-07-12	3.080	3.110	3.040	3.090	61767	18997948.000
2012-07-13	3.070	3.110	3.070	3.100	61937	19180308.000
2012-07-16	3.080	3.090	3.020	3.030	51122	15580390.000
2012-07-17	3.010	3.090	3.010	3.090	46092	14085650.000
2012-07-18	3.080	3.140	3.060	3.130	62616	19388340.000
2012-07-19	3.130	3.160	3.110	3.120	64254	20163214.000
2012-07-20	3.120	3.120	3.080	3.100	50697	15717406.000
2012-07-23	3.080	3.080	3.040	3.060	43261	13238888.000
2012-07-24	3.050	3.090	3.040	3.090	45621	13973339.000
2012-07-25	3.070	3.080	3.050	3.060	30872	9459733.000
2012-07-26	3.050	3.080	3.040	3.060	41709	12769779.000
2012-07-27	3.070	3.080	3.050	3.070	34414	10544142.000
2012-07-30	3.070	3.080	3.040	3.060	30605	9363597.000
2012-07-31	3.060	3.110	3.050	3.110	65080	20102548.000
2012-08-01	3.100	3.150	3.090	3.110	89065	27767822.000
2012-08-02	3.110	3.110	3.050	3.070	46062	14197432.000
2012-08-03	3.080	3.110	3.060	3.100	33589	10372938.000
2012-08-06	3.100	3.140	3.080	3.130	62644	19522776.000
2012-08-07	3.110	3.150	3.110	3.130	61563	19291510.000
2012-08-08	3.140	3.160	3.110	3.140	58735	18416920.000
2012-08-09	3.140	3.160	3.110	3.150	70316	22060308.000
2012-08-10	3.160	3.160	3.120	3.130	41624	13050707.000
2012-08-13	3.130	3.140	3.090	3.110	54992	17091850.000
2012-08-14	3.100	3.110	3.070	3.100	63913	19728636.000
2012-08-15	3.100	3.100	3.060	3.080	34266	10549038.000
2012-08-16	3.090	3.160	3.090	3.110	87970	27495644.000
2012-08-17	3.100	3.120	3.060	3.100	48666	15000781.000
2012-08-20	3.080	3.090	3.060	3.080	42251	12970881.000
2012-08-21	3.070	3.100	3.070	3.090	67860	20949216.000
2012-08-22	3.100	3.100	3.040	3.060	71645	21934464.000
2012-08-23	3.050	3.070	3.020	3.050	88681	26986056.000
2012-08-24	3.050	3.050	3.000	3.000	67966	20514518.000
2012-08-27	3.000	3.000	2.940	2.950	71714	21238602.000
2012-08-28	2.940	2.990	2.940	2.980	50420	14939857.000
2012-08-29	2.970	2.970	2.930	2.940	50500	14886804.000
2012-08-30	2.940	2.960	2.890	2.900	80441	23467384.000
2012-08-31	2.900	2.920	2.880	2.890	49551	14343550.000
2012-09-03	2.880	2.930	2.870	2.910	62560	18159278.000
2012-09-04	2.900	2.920	2.860	2.870	64582	18648298.000
2012-09-05	2.860	2.890	2.840	2.850	48767	13966864.000
2012-09-06	2.860	2.910	2.850	2.900	43525	12571565.000
2012-09-07	2.910	3.030	2.900	2.990	170841	50827520.000
2012-09-10	2.980	3.040	2.980	3.000	103796	31220272.000
2012-09-11	3.030	3.040	2.990	3.010	88946	26799108.000
2012-09-12	3.010	3.310	3.000	3.250	799768	258319280.000
2012-09-13	3.180	3.300	3.120	3.220	720813	230388816.000
2012-09-14	3.210	3.210	3.110	3.140	336216	105980072.000
2012-09-17	3.130	3.150	3.040	3.040	189720	58698608.000
2012-09-18	3.030	3.110	3.010	3.090	141267	43284248.000
2012-09-19	3.080	3.100	3.040	3.080	86857	26678352.000
2012-09-20	3.070	3.110	3.010	3.010	119886	36640732.000
2012-09-21	3.000	3.000	2.920	2.930	148686	43877548.000
2012-09-24	2.910	2.960	2.880	2.950	73365	21456106.000
2012-09-25	2.930	2.950	2.910	2.930	71159	20830662.000
2012-09-26	2.900	2.930	2.830	2.860	90056	25833288.000
2012-09-27	2.870	2.960	2.850	2.940	99163	28890784.000
2012-09-28	2.920	2.970	2.910	2.970	88697	26144972.000
2012-10-08	2.960	2.990	2.920	2.940	56788	16749550.000
2012-10-09	2.960	3.020	2.940	3.010	108268	32418528.000
2012-10-10	3.000	3.080	2.990	3.060	152185	46306132.000
2012-10-11	3.050	3.050	2.990	3.020	96535	29138482.000
2012-10-12	3.020	3.060	2.990	3.010	67652	20424956.000
2012-10-15	3.000	3.020	2.960	2.980	41081	12264372.000
2012-10-16	2.980	3.020	2.960	2.990	51522	15426927.000
2012-10-17	3.000	3.010	2.970	2.990	48890	14610022.000
2012-10-18	3.010	3.070	2.990	3.060	133734	40672680.000
2012-10-19	3.060	3.150	3.040	3.050	136145	42018532.000
2012-10-22	3.030	3.080	3.020	3.080	56827	17371832.000
2012-10-23	3.080	3.110	3.060	3.080	86409	26616342.000
2012-10-24	3.070	3.100	3.050	3.080	84293	25942248.000
2012-10-25	3.090	3.140	3.070	3.080	118415	36713752.000
2012-10-26	3.080	3.080	2.950	2.980	132379	39763728.000
2012-10-29	2.970	2.990	2.950	2.970	35324	10502422.000
2012-10-30	2.980	3.020	2.970	2.990	57731	17282096.000
2012-10-31	2.990	3.010	2.980	2.990	40706	12170759.000
2012-11-01	3.000	3.070	2.990	3.060	139813	42531784.000
2012-11-02	3.060	3.070	3.040	3.060	59279	18106000.000
2012-11-05	3.060	3.080	3.030	3.060	72806	22222340.000
2012-11-06	3.070	3.070	2.990	3.030	83527	25207052.000
2012-11-07	3.020	3.040	3.000	3.010	43115	12999839.000
2012-11-08	2.990	3.010	2.960	2.960	66477	19883260.000
2012-11-09	2.970	2.990	2.950	2.960	53512	15882650.000
2012-11-12	2.970	2.990	2.960	2.980	46732	13913327.000
2012-11-13	2.980	2.990	2.920	2.930	67416	19882360.000
2012-11-14	2.930	2.960	2.910	2.940	36126	10618142.000
2012-11-15	2.930	2.940	2.890	2.890	52417	15296521.000
2012-11-16	2.890	2.900	2.840	2.860	56144	16049662.000
2012-11-19	2.860	2.880	2.840	2.880	48549	13882478.000
2012-11-20	2.890	2.900	2.850	2.860	32324	9295016.000
2012-11-21	2.870	2.900	2.820	2.890	83023	23742768.000
2012-11-22	2.880	2.880	2.840	2.850	55153	15769114.000
2012-11-23	2.870	2.890	2.850	2.870	47225	13549380.000
2012-11-26	2.870	2.880	2.840	2.850	35794	10215995.000
2012-11-27	2.840	2.850	2.790	2.790	63052	17705324.000
2012-11-28	2.780	2.790	2.750	2.760	52213	14426000.000
2012-11-29	2.760	2.780	2.720	2.730	48477	13374939.000
2012-11-30	2.730	2.770	2.720	2.770	48913	13453481.000
2012-12-03	2.770	2.770	2.740	2.740	46608	12828105.000
2012-12-04	2.760	2.780	2.730	2.760	67263	18530686.000
2012-12-05	2.770	2.870	2.760	2.860	149409	42239624.000
2012-12-06	2.850	2.860	2.810	2.830	83072	23520212.000
2012-12-07	2.830	2.890	2.810	2.870	141289	40438752.000
2012-12-10	2.890	2.910	2.870	2.900	124751	36041108.000
2012-12-11	2.890	2.900	2.880	2.880	78943	22814720.000
2012-12-12	2.880	2.890	2.850	2.870	87042	24919198.000
2012-12-13	2.860	2.870	2.840	2.850	58006	16535648.000
2012-12-14	2.850	2.950	2.840	2.940	204146	59528280.000
2012-12-17	2.920	2.960	2.920	2.950	177432	52231008.000
2012-12-18	2.950	3.000	2.920	2.950	199000	58707868.000
2012-12-19	2.940	2.950	2.930	2.940	87943	25848818.000
2012-12-20	2.930	2.930	2.890	2.900	153583	44702728.000
2012-12-21	2.910	2.950	2.890	2.900	120389	35077088.000
2012-12-24	2.900	2.920	2.890	2.910	96331	27948106.000
2012-12-25	2.900	2.980	2.890	2.970	268127	79078840.000
2012-12-26	2.970	3.040	2.950	3.010	288388	86194768.000
2012-12-27	3.020	3.030	2.970	2.980	192302	57599012.000
2012-12-28	2.990	3.020	2.970	3.010	188217	56273644.000
2012-12-31	3.010	3.040	2.990	3.010	203488	61326808.000
2013-01-04	3.030	3.040	2.990	3.010	189549	57120752.000
2013-01-07	3.000	3.090	2.990	3.070	303851	92636936.000
2013-01-08	3.060	3.080	3.030	3.050	204802	62506432.000
2013-01-09	3.040	3.070	3.020	3.040	138264	42049712.000
2013-01-10	3.040	3.080	3.030	3.070	175293	53582976.000
2013-01-11	3.070	3.270	3.050	3.120	724952	227755440.000
2013-01-14	3.100	3.290	3.070	3.270	814077	260284624.000
2013-01-15	3.280	3.340	3.230	3.270	723349	237119776.000
2013-01-16	3.250	3.380	3.220	3.350	560397	184048064.000
2013-01-17	3.310	3.320	3.200	3.210	351756	114467800.000
2013-01-18	3.210	3.250	3.210	3.230	184289	59534680.000
2013-01-21	3.230	3.240	3.180	3.210	209089	66990984.000
2013-01-22	3.210	3.210	3.130	3.150	213143	67542272.000
2013-01-23	3.130	3.180	3.110	3.150	174250	54772292.000
2013-01-24	3.160	3.190	3.100	3.110	235817	74092832.000
2013-01-25	3.110	3.120	3.040	3.060	182083	55910508.000
2013-01-28	3.060	3.130	3.060	3.120	213547	66021072.000
2013-01-29	3.120	3.170	3.090	3.130	199923	62570752.000
2013-01-30	3.140	3.150	3.100	3.140	208035	64952224.000
2013-01-31	3.130	3.140	3.100	3.100	119152	37099552.000
2013-02-01	3.110	3.130	3.090	3.110	185273	57575208.000
2013-02-04	3.120	3.180	3.110	3.150	250422	78641968.000
2013-02-05	3.120	3.180	3.090	3.160	238173	74600552.000
2013-02-06	3.150	3.170	3.130	3.150	153589	48332104.000
2013-02-07	3.150	3.160	3.110	3.150	162579	50935976.000
2013-02-08	3.150	3.180	3.130	3.170	195413	61868440.000
2013-02-18	3.200	3.220	3.160	3.190	243194	77566240.000
2013-02-19	3.180	3.190	3.110	3.130	196267	61741556.000
2013-02-20	3.120	3.150	3.100	3.140	166124	51876024.000
2013-02-21	3.120	3.130	3.040	3.050	238473	73464624.000
2013-02-22	3.060	3.110	3.040	3.060	187139	57416944.000
2013-02-25	3.050	3.070	3.040	3.060	146473	44777248.000
2013-02-26	3.040	3.060	3.020	3.030	172981	52636012.000
2013-02-27	3.030	3.050	3.010	3.040	153042	46337788.000
2013-02-28	3.040	3.080	3.010	3.070	212950	64835104.000
2013-03-01	3.060	3.070	3.030	3.060	169860	51768748.000
2013-03-04	3.050	3.050	2.950	2.960	356386	107117568.000
2013-03-05	2.960	3.030	2.960	3.020	192453	57587356.000
2013-03-06	3.030	3.060	3.010	3.050	162569	49386968.000
2013-03-07	3.050	3.070	3.010	3.030	131949	40134032.000
2013-03-08	3.040	3.040	3.020	3.030	75434	22859320.000
2013-03-11	3.030	3.040	3.000	3.020	83148	25090058.000
2013-03-12	3.000	3.040	2.940	2.970	168197	50217108.000
2013-03-13	2.960	2.980	2.920	2.920	118515	34798300.000
2013-03-14	2.920	2.950	2.920	2.940	83773	24595502.000
2013-03-15	2.940	2.970	2.910	2.940	92856	27320702.000
2013-03-18	2.930	2.940	2.900	2.900	72880	21280980.000
2013-03-19	2.900	2.920	2.890	2.920	74967	21773866.000
2013-03-20	2.910	2.970	2.910	2.970	123657	36493644.000
2013-03-21	2.960	2.980	2.950	2.970	100297	29738380.000
2013-03-22	2.970	3.060	2.950	3.030	227679	68772984.000
2013-03-25	3.030	3.040	3.010	3.010	63565	19186088.000
2013-03-26	3.010	3.040	2.980	3.000	98683	29662692.000
2013-03-27	3.020	3.020	2.980	2.990	85500	25693188.000
2013-03-28	2.990	2.990	2.910	2.910	121179	35540492.000
2013-03-29	2.910	2.940	2.910	2.920	66709	19483888.000
2013-04-01	2.920	2.950	2.910	2.930	57929	16975032.000
2013-04-02	2.920	2.950	2.910	2.920	54453	15932729.000
2013-04-03	2.920	2.940	2.900	2.920	93929	27422728.000
2013-04-08	2.900	3.010	2.880	3.000	184114	54337784.000
2013-04-09	2.980	3.010	2.970	2.990	119141	35586936.000
2013-04-10	2.980	3.020	2.950	3.010	159083	47557800.000
2013-04-11	3.000	3.010	2.950	2.960	98175	29297464.000
2013-04-12	2.950	2.970	2.910	2.910	80112	23540566.000
2013-04-15	2.910	2.930	2.900	2.910	70822	20642144.000
2013-04-16	2.890	2.920	2.880	2.910	95884	27852000.000
2013-04-17	2.910	2.930	2.900	2.920	49145	14306064.000
2013-04-18	2.910	2.930	2.900	2.900	46307	13479366.000
2013-04-19	2.910	2.960	2.900	2.940	94287	27656582.000
2013-04-22	2.980	3.010	2.950	2.960	147915	44017192.000
2013-04-23	2.960	2.970	2.890	2.900	110827	32339682.000
2013-04-24	2.900	2.940	2.900	2.930	72988	21306570.000
2013-04-25	2.920	2.920	2.890	2.900	85936	24969996.000
2013-04-26	2.900	2.900	2.860	2.860	70705	20380656.000
2013-05-02	2.860	2.880	2.850	2.860	65759	18825372.000
2013-05-03	2.870	2.910	2.860	2.900	62941	18200548.000
2013-05-06	2.900	2.920	2.890	2.920	88352	25701808.000
2013-05-07	2.910	2.920	2.900	2.910	48008	13960710.000
2013-05-08	2.920	2.940	2.910	2.930	105107	30731638.000
2013-05-09	2.930	2.930	2.890	2.900	84336	24498316.000
2013-05-10	2.890	2.920	2.890	2.910	72733	21100700.000
2013-05-13	2.920	2.940	2.900	2.920	89003	25998196.000
2013-05-14	2.910	2.920	2.870	2.880	82510	23866416.000
2013-05-15	2.880	2.910	2.880	2.910	45905	13287785.000
2013-05-16	2.900	2.930	2.890	2.930	107341	31265416.000
2013-05-17	2.920	2.970	2.890	2.960	286073	83851376.000
2013-05-20	2.960	2.980	2.930	2.960	174890	51721884.000
2013-05-21	2.960	2.970	2.930	2.970	212058	62600312.000
2013-05-22	2.960	3.000	2.950	2.970	189158	56231344.000
2013-05-23	2.960	3.020	2.960	2.980	200317	59781928.000
2013-05-24	2.970	2.990	2.950	2.980	118288	35161772.000
2013-05-27	2.980	3.010	2.960	2.990	135146	40419376.000
2013-05-28	3.020	3.080	3.000	3.060	354038	108084592.000
2013-05-29	3.050	3.160	3.020	3.110	376117	116061432.000
2013-05-30	3.080	3.100	3.060	3.070	206863	63660912.000
2013-05-31	3.070	3.090	3.030	3.040	198697	60635144.000
2013-06-03	3.050	3.050	3.020	3.040	116125	35241160.000
2013-06-04	3.040	3.040	2.950	2.970	245083	73027992.000
2013-06-05	2.960	2.980	2.940	2.960	103668	30660364.000
2013-06-06	2.950	2.960	2.920	2.930	84528	24843810.000
2013-06-07	2.930	2.940	2.890	2.900	103576	30153190.000
2013-06-13	2.890	2.900	2.820	2.830	130681	37162652.000
2013-06-14	2.850	2.890	2.840	2.870	113178	32427264.000
2013-06-17	2.880	2.890	2.840	2.860	75993	21711124.000
2013-06-18	2.870	2.890	2.850	2.880	63932	18348332.000
2013-06-19	2.880	2.900	2.820	2.880	93709	26730624.000
2013-06-20	2.870	2.870	2.760	2.780	164553	46224328.000
2013-06-21	2.750	2.760	2.730	2.750	92180	25297780.000
2013-06-24	2.750	2.750	2.540	2.540	163233	43140728.000
2013-06-25	2.530	2.550	2.300	2.490	195831	47956760.000
2013-06-26	2.470	2.510	2.430	2.470	101118	24823762.000
2013-06-27	2.480	2.510	2.400	2.410	120430	29739444.000
2013-06-28	2.410	2.470	2.360	2.420	87399	21192388.000
2013-07-01	2.420	2.470	2.400	2.460	66448	16180330.000
2013-07-02	2.450	2.480	2.430	2.470	76212	18696740.000
2013-07-03	2.460	2.460	2.410	2.440	62832	15247487.000
2013-07-04	2.420	2.480	2.410	2.470	85163	20893496.000
2013-07-05	2.490	2.510	2.460	2.480	83415	20717934.000
2013-07-08	2.440	2.440	2.360	2.360	60637	14498423.000
2013-07-09	2.370	2.390	2.350	2.370	48048	11379074.000
2013-07-10	2.360	2.440	2.360	2.440	85915	20594048.000
2013-07-11	2.440	2.540	2.420	2.500	138119	34389848.000
2013-07-12	2.500	2.520	2.460	2.460	104620	26016944.000
2013-07-15	2.470	2.500	2.460	2.490	72013	17846034.000
2013-07-16	2.480	2.540	2.460	2.530	104584	26156880.000
2013-07-17	2.510	2.530	2.480	2.480	72320	18112806.000
2013-07-18	2.480	2.500	2.460	2.480	58331	14438531.000
2013-07-19	2.470	2.490	2.410	2.410	82187	20173184.000
2013-07-22	2.400	2.410	2.380	2.410	55008	13182366.000
2013-07-23	2.410	2.470	2.390	2.460	79506	19433508.000
2013-07-24	2.450	2.450	2.410	2.430	86032	20873288.000
2013-07-25	2.430	2.460	2.420	2.420	60318	14690851.000
2013-07-26	2.420	2.420	2.360	2.390	106360	25444466.000
2013-07-29	2.380	2.380	2.350	2.360	68317	16141717.000
2013-07-30	2.380	2.450	2.350	2.440	149543	35829536.000
2013-07-31	2.400	2.440	2.400	2.420	103469	25094254.000
2013-08-01	2.410	2.450	2.410	2.440	107275	26082484.000
2013-08-02	2.440	2.460	2.430	2.440	78691	19214836.000
2013-08-05	2.440	2.480	2.430	2.470	93964	23122010.000
2013-08-06	2.470	2.510	2.450	2.510	122566	30496140.000
2013-08-07	2.500	2.530	2.480	2.480	136990	34306924.000
2013-08-08	2.490	2.520	2.460	2.520	110616	27644860.000
2013-08-09	2.510	2.610	2.480	2.530	242835	61554192.000
2013-08-12	2.520	2.620	2.500	2.610	404601	103577720.000
2013-08-13	2.600	2.870	2.560	2.870	948016	263382352.000
2013-08-14	2.870	2.930	2.800	2.870	775037	221948000.000
2013-08-15	2.830	3.120	2.790	2.970	637871	186307264.000
2013-08-16	2.890	3.020	2.790	2.800	1327925	384293184.000
2013-08-19	2.780	2.840	2.760	2.810	250158	69786536.000
2013-08-20	2.790	2.920	2.760	2.870	557226	158970112.000
2013-08-21	2.840	2.920	2.810	2.890	523317	150440080.000
2013-08-22	2.870	2.890	2.830	2.880	186255	53100972.000
2013-08-23	2.860	2.900	2.830	2.850	622003	179006096.000
2013-08-26	2.870	2.870	2.810	2.850	341194	97020560.000
2013-08-27	2.830	2.850	2.790	2.810	238128	66975432.000
2013-08-28	2.800	2.870	2.770	2.840	526753	149099744.000
2013-08-29	2.820	2.820	2.770	2.780	186217	51952808.000
2013-08-30	2.780	2.810	2.750	2.770	155227	43251080.000
2013-09-02	2.780	2.840	2.760	2.800	243379	68116368.000
2013-09-03	2.780	2.810	2.760	2.790	180881	50393176.000
2013-09-04	2.780	2.790	2.730	2.750	209253	57703668.000
2013-09-05	2.740	2.750	2.690	2.690	161580	43824872.000
2013-09-06	2.690	2.730	2.680	2.710	138293	37377852.000
2013-09-09	2.720	2.810	2.700	2.780	252666	69694928.000
2013-09-10	2.780	2.850	2.770	2.840	250610	70565176.000
2013-09-11	2.910	3.090	2.840	2.990	868256	256734672.000
2013-09-12	2.930	2.970	2.880	2.900	394914	115066248.000
2013-09-13	2.890	2.920	2.850	2.870	178208	51236728.000
2013-09-16	2.880	2.890	2.820	2.830	181011	51480480.000
2013-09-17	2.830	2.840	2.720	2.730	187050	52003084.000
2013-09-18	2.730	2.780	2.720	2.730	125892	34586296.000
2013-09-23	2.750	2.780	2.740	2.780	95183	26270972.000
2013-09-24	2.800	2.810	2.740	2.760	101533	28134872.000
2013-09-25	2.760	2.770	2.720	2.730	142456	39111008.000
2013-09-26	2.730	2.730	2.660	2.680	144929	38925620.000
2013-09-27	2.680	2.700	2.670	2.680	62202	16702737.000
2013-09-30	2.700	2.720	2.680	2.710	69561	18748554.000
2013-10-08	2.690	2.760	2.690	2.760	100375	27383064.000
2013-10-09	2.750	2.760	2.730	2.760	78217	21483516.000
2013-10-10	2.760	2.770	2.710	2.730	89458	24517368.000
2013-10-11	2.730	2.770	2.730	2.760	115159	31716460.000
2013-10-14	2.760	2.790	2.740	2.780	153448	42461996.000
2013-10-15	2.780	2.870	2.770	2.840	247895	70169728.000
2013-10-16	2.840	2.940	2.790	2.820	329051	94461736.000
2013-10-17	2.830	2.920	2.830	2.870	230597	66311636.000
2013-10-18	2.870	2.900	2.820	2.830	142222	40523060.000
2013-10-21	2.830	2.870	2.800	2.860	130088	36947340.000
2013-10-22	2.860	2.870	2.800	2.820	133318	37657712.000
2013-10-23	2.820	2.840	2.730	2.750	144940	40218480.000
2013-10-24	2.760	2.770	2.730	2.730	78374	21485016.000
2013-10-25	2.730	2.770	2.710	2.740	112822	30887058.000
2013-10-28	2.730	2.750	2.700	2.740	56700	15448132.000
2013-10-29	2.730	2.730	2.590	2.640	201570	53841980.000
2013-10-30	2.640	2.690	2.610	2.680	102778	27309188.000
2013-10-31	2.670	2.690	2.660	2.670	55246	14751660.000
2013-11-01	2.670	2.690	2.640	2.680	55177	14702936.000
2013-11-04	2.690	2.700	2.670	2.680	49564	13293788.000
2013-11-05	2.680	2.700	2.640	2.700	61087	16336538.000
2013-11-06	2.690	2.700	2.660	2.670	49358	13227740.000
2013-11-07	2.660	2.670	2.620	2.620	85020	22476866.000
2013-11-08	2.620	2.630	2.570	2.600	70961	18443930.000
2013-11-11	2.590	2.610	2.570	2.610	34759	9014541.000
2013-11-12	2.610	2.630	2.600	2.630	50610	13237182.000
2013-11-13	2.630	2.720	2.620	2.660	195170	52390572.000
2013-11-14	2.640	2.710	2.610	2.680	125466	33346560.000
2013-11-15	2.700	2.760	2.690	2.720	179121	48890712.000
2013-11-18	2.740	2.820	2.730	2.800	240329	66969856.000
2013-11-19	2.800	2.820	2.770	2.780	136345	38052740.000
2013-11-20	2.790	2.910	2.760	2.880	401653	114661024.000
2013-11-21	2.850	2.860	2.780	2.810	257566	72621216.000
2013-11-22	2.830	2.830	2.760	2.770	157441	44062912.000
2013-11-25	2.780	2.830	2.770	2.790	133212	37283472.000
2013-11-26	2.770	2.800	2.760	2.780	124579	34587752.000
2013-11-27	2.780	2.860	2.760	2.850	257649	72683048.000
2013-11-28	2.920	2.950	2.840	2.860	267562	76997616.000
2013-11-29	2.850	2.990	2.830	2.920	544289	159299440.000
2013-12-02	2.860	2.870	2.760	2.780	368700	103875256.000
2013-12-03	2.770	2.820	2.760	2.810	163191	45626080.000
2013-12-04	2.800	2.890	2.790	2.860	216864	61863912.000
2013-12-05	2.850	2.880	2.830	2.860	140505	40090912.000
2013-12-06	2.850	2.870	2.830	2.860	117207	33382560.000
2013-12-09	2.870	2.900	2.860	2.870	128192	36914476.000
2013-12-10	2.870	2.880	2.840	2.850	110622	31613280.000
2013-12-11	2.840	2.840	2.790	2.810	122437	34465732.000
2013-12-12	2.790	2.840	2.790	2.810	73446	20724412.000
2013-12-13	2.810	2.850	2.790	2.850	141516	40121192.000
2013-12-16	2.850	2.880	2.810	2.820	139705	39716444.000
2013-12-17	2.830	2.850	2.810	2.840	84286	23823314.000
2013-12-18	2.840	2.850	2.810	2.820	73619	20860804.000
2013-12-19	2.820	2.850	2.780	2.790	99255	27836698.000
2013-12-20	2.770	2.800	2.720	2.730	78519	21630028.000
2013-12-23	2.740	2.770	2.710	2.750	65759	18017168.000
2013-12-24	2.750	2.800	2.740	2.750	56510	15649838.000
2013-12-25	2.770	2.780	2.740	2.770	35686	9849739.000
2013-12-26	2.770	2.770	2.700	2.740	108241	29487240.000
2013-12-27	2.740	2.790	2.740	2.780	112867	31171392.000
2013-12-30	2.800	2.810	2.750	2.800	69119	19178028.000
2013-12-31	2.790	2.790	2.740	2.770	72244	19999128.000
2014-01-02	2.770	2.780	2.740	2.750	62842	17284220.000
2014-01-03	2.740	2.750	2.710	2.710	64567	17584952.000
2014-01-06	2.700	2.700	2.610	2.630	156697	41554020.000
2014-01-07	2.630	2.660	2.610	2.640	44350	11700119.000
2014-01-08	2.640	2.660	2.590	2.600	94338	24694456.000
2014-01-09	2.600	2.620	2.570	2.570	54109	14034098.000
2014-01-10	2.570	2.570	2.520	2.530	56209	14273121.000
2014-01-13	2.520	2.560	2.500	2.530	61906	15625290.000
2014-01-14	2.520	2.570	2.510	2.570	47555	12105950.000
2014-01-15	2.560	2.570	2.540	2.560	33418	8552566.000
2014-01-16	2.560	2.590	2.550	2.570	32947	8462387.000
2014-01-17	2.560	2.580	2.510	2.520	50745	12872310.000
2014-01-20	2.510	2.550	2.500	2.520	41242	10416891.000
2014-01-21	2.520	2.560	2.520	2.550	40452	10286496.000
2014-01-22	2.550	2.610	2.540	2.610	88374	22879900.000
2014-01-23	2.600	2.630	2.590	2.620	49999	13032561.000
2014-01-24	2.610	2.640	2.590	2.620	61232	16030631.000
2014-01-27	2.620	2.630	2.580	2.620	67834	17669252.000
2014-01-28	2.610	2.650	2.600	2.640	54579	14387440.000
2014-01-29	2.640	2.660	2.620	2.630	51412	13577556.000
2014-01-30	2.630	2.650	2.620	2.630	39686	10443664.000
2014-02-07	2.600	2.650	2.590	2.640	54677	14312760.000
2014-02-10	2.630	2.700	2.630	2.690	121371	32412572.000
2014-02-11	2.690	2.700	2.660	2.680	99830	26710672.000
2014-02-12	2.680	2.710	2.670	2.700	101379	27304874.000
2014-02-13	2.700	2.710	2.660	2.670	93522	25130592.000
2014-02-14	2.660	2.710	2.660	2.690	88188	23671824.000
2014-02-17	2.700	2.760	2.690	2.750	157759	43223348.000
2014-02-18	2.740	2.760	2.710	2.720	111724	30548248.000
2014-02-19	2.710	2.740	2.690	2.740	114091	31015214.000
2014-02-20	2.730	2.760	2.730	2.740	158056	43412760.000
2014-02-21	2.740	2.740	2.660	2.690	126409	34186344.000
2014-02-24	2.670	2.750	2.640	2.750	248590	67285024.000
2014-02-25	2.750	2.760	2.640	2.660	177624	48191800.000
2014-02-26	2.650	2.660	2.570	2.620	160183	41880704.000
2014-02-27	2.620	2.640	2.590	2.600	140207	36610312.000
2014-02-28	2.600	2.620	2.570	2.600	112831	29248640.000
2014-03-03	2.650	2.710	2.630	2.690	242659	64942008.000
2014-03-04	2.670	2.680	2.630	2.650	136479	36210244.000
2014-03-05	2.660	2.670	2.620	2.630	130917	34614920.000
2014-03-06	2.630	2.640	2.590	2.630	203059	53005712.000
2014-03-07	2.620	2.690	2.610	2.670	308649	82149512.000
2014-03-10	2.630	2.630	2.530	2.540	312342	80362344.000
2014-03-11	2.540	2.560	2.510	2.540	119519	30277118.000
2014-03-12	2.530	2.550	2.510	2.540	81473	20603384.000
2014-03-13	2.540	2.570	2.530	2.550	115909	29599404.000
2014-03-14	2.550	2.560	2.510	2.530	76439	19342020.000
2014-03-17	2.540	2.560	2.530	2.560	61384	15629335.000
2014-03-18	2.560	2.580	2.540	2.560	74483	19076496.000
2014-03-19	2.550	2.590	2.530	2.570	107580	27532704.000
2014-03-20	2.570	2.590	2.530	2.530	122616	31421228.000
2014-03-21	2.520	2.580	2.510	2.570	114528	29209674.000
2014-03-24	2.580	2.620	2.580	2.610	161925	42149588.000
2014-03-25	2.610	2.670	2.590	2.640	206538	54518772.000
2014-03-26	2.650	2.660	2.600	2.610	72440	19023124.000
2014-03-27	2.610	2.630	2.590	2.600	83009	21678852.000
2014-03-28	2.600	2.620	2.590	2.600	77153	20096836.000
2014-03-31	2.610	2.630	2.590	2.610	74177	19368932.000
2014-04-01	2.610	2.630	2.590	2.610	112182	29219004.000
2014-04-02	2.600	2.630	2.600	2.610	60674	15876184.000
2014-04-03	2.620	2.640	2.600	2.620	132986	34853124.000
2014-04-04	2.620	2.660	2.610	2.640	128968	33985764.000
2014-04-08	2.630	2.670	2.630	2.650	140032	37201492.000
2014-04-09	2.650	2.670	2.640	2.650	74274	19715624.000
2014-04-10	2.660	2.680	2.630	2.670	154055	40937456.000
2014-04-11	2.660	2.680	2.650	2.670	104947	27945484.000
2014-04-14	2.650	2.680	2.640	2.660	77165	20509464.000
2014-04-15	2.660	2.660	2.610	2.620	90452	23825304.000
2014-04-16	2.620	2.640	2.620	2.640	67110	17657964.000
2014-04-17	2.640	2.640	2.610	2.630	71557	18798064.000
2014-04-18	2.620	2.630	2.600	2.620	97839	25546462.000
2014-04-21	2.610	2.620	2.570	2.580	96610	25086368.000
2014-04-22	2.580	2.590	2.520	2.560	133778	34159396.000
2014-04-23	2.560	2.570	2.540	2.560	110667	28253420.000
2014-04-24	2.560	2.590	2.540	2.540	128842	33031148.000
2014-04-25	2.540	2.560	2.510	2.520	112289	28436000.000
2014-04-28	2.520	2.520	2.450	2.450	116710	28874104.000
2014-04-29	2.450	2.470	2.430	2.460	114077	27936944.000
2014-04-30	2.470	2.470	2.440	2.470	83880	20617300.000
2014-05-05	2.470	2.490	2.460	2.490	79359	19636216.000
2014-05-06	2.480	2.500	2.470	2.490	94939	23576008.000
2014-05-07	2.480	2.490	2.460	2.470	80287	19896320.000
2014-05-08	2.460	2.510	2.460	2.480	94296	23524642.000
2014-05-09	2.490	2.500	2.460	2.490	50834	12605251.000
2014-05-12	2.490	2.540	2.490	2.540	118690	29947056.000
2014-05-13	2.530	2.550	2.520	2.530	65150	16502550.000
2014-05-14	2.530	2.540	2.510	2.530	57434	14505804.000
2014-05-15	2.520	2.550	2.490	2.490	65614	16528106.000
2014-05-16	2.490	2.500	2.470	2.490	41555	10329228.000
2014-05-19	2.490	2.500	2.470	2.490	60208	14976565.000
2014-05-20	2.510	2.520	2.490	2.500	42219	10573636.000
2014-05-21	2.500	2.530	2.480	2.530	69849	17540568.000
2014-05-22	2.520	2.540	2.510	2.520	51310	12949324.000
2014-05-23	2.520	2.520	2.470	2.500	135201	33631648.000
2014-05-26	2.510	2.510	2.490	2.510	57775	14455460.000
2014-05-27	2.510	2.530	2.490	2.510	72964	18330210.000
2014-05-28	2.510	2.530	2.490	2.520	70142	17607204.000
2014-05-29	2.520	2.520	2.490	2.490	62516	15641894.000
2014-05-30	2.490	2.500	2.470	2.490	131744	32671782.000
2014-06-03	2.480	2.490	2.450	2.460	107127	26473076.000
2014-06-04	2.460	2.460	2.420	2.430	143796	34954024.000
2014-06-05	2.430	2.440	2.410	2.440	99006	24038696.000
2014-06-06	2.430	2.440	2.400	2.410	120216	29050618.000
2014-06-09	2.400	2.430	2.400	2.420	87645	21117444.000
2014-06-10	2.420	2.440	2.410	2.440	74109	17974736.000
2014-06-11	2.430	2.440	2.420	2.430	49907	12131751.000
2014-06-12	2.430	2.440	2.420	2.430	71452	17346096.000
2014-06-13	2.430	2.460	2.420	2.450	78374	19165404.000
2014-06-16	2.450	2.470	2.440	2.460	76207	18707388.000
2014-06-17	2.450	2.460	2.430	2.440	65027	15874589.000
2014-06-18	2.430	2.440	2.410	2.420	78971	19118424.000
2014-06-19	2.420	2.420	2.340	2.360	204644	48649104.000
2014-06-20	2.360	2.360	2.330	2.350	162422	38060436.000
2014-06-23	2.350	2.370	2.350	2.360	71918	16945750.000
2014-06-24	2.360	2.380	2.350	2.380	68741	16290376.000
2014-06-25	2.380	2.380	2.350	2.360	56963	13448643.000
2014-06-26	2.360	2.400	2.360	2.390	83617	19933760.000
2014-06-27	2.390	2.500	2.380	2.460	249740	61386200.000
2014-06-30	2.450	2.480	2.430	2.460	143951	35398772.000
2014-07-01	2.460	2.470	2.430	2.450	109819	26843012.000
2014-07-02	2.450	2.520	2.440	2.500	285261	71094112.000
2014-07-03	2.500	2.510	2.470	2.490	178489	44470288.000
2014-07-04	2.500	2.510	2.460	2.470	137065	34025508.000
2014-07-07	2.480	2.560	2.480	2.520	261925	66153368.000
2014-07-08	2.520	2.520	2.480	2.510	123313	30793982.000
2014-07-09	2.510	2.590	2.480	2.520	319695	81541608.000
2014-07-10	2.500	2.530	2.480	2.520	177205	44394468.000
2014-07-11	2.490	2.640	2.480	2.580	479992	123034624.000
2014-07-14	2.570	2.600	2.530	2.580	358521	91630032.000
2014-07-15	2.560	2.840	2.550	2.760	946076	254786496.000
2014-07-16	3.040	3.040	3.040	3.040	606072	184245808.000
2014-07-17	3.020	3.020	2.780	2.870	1541543	445058560.000
2014-07-18	2.830	3.120	2.810	2.980	1545115	466692864.000
2014-07-21	2.900	3.050	2.870	2.980	1002113	295927392.000
2014-07-22	2.940	2.980	2.880	2.920	675195	197520912.000
2014-07-23	2.930	3.100	2.890	2.970	883258	265601296.000
2014-07-24	2.930	3.070	2.910	2.940	704111	208968320.000
2014-07-25	2.940	3.010	2.900	2.950	498341	146778304.000
2014-07-28	2.930	3.040	2.930	3.000	883878	264234352.000
2014-07-29	2.990	3.160	2.970	3.120	1246950	384742048.000
2014-07-30	3.100	3.100	3.020	3.040	744880	227522208.000
2014-07-31	3.030	3.080	3.020	3.060	445636	135571504.000
2014-08-01	3.040	3.060	2.970	2.980	513430	154915312.000
2014-08-04	2.980	3.030	2.960	3.020	379231	113732744.000
2014-08-05	3.010	3.060	2.990	3.020	426175	128491520.000
2014-08-06	3.000	3.030	2.970	3.020	306744	92066320.000
2014-08-07	3.020	3.050	2.970	2.990	324040	97534768.000
2014-08-08	2.980	3.000	2.960	2.990	221850	66040128.000
2014-08-11	2.990	3.020	2.980	3.010	248096	74445376.000
2014-08-12	3.000	3.010	2.970	3.000	267205	79988560.000
2014-08-13	2.990	3.000	2.930	2.950	356820	105607008.000
2014-08-14	2.950	3.070	2.950	3.030	616161	186240992.000
2014-08-15	3.010	3.130	3.000	3.120	770091	238103712.000
2014-08-18	3.130	3.260	3.090	3.240	900867	286608416.000
2014-08-19	3.210	3.240	3.170	3.200	506964	162014528.000
2014-08-20	3.180	3.300	3.170	3.240	565410	184200112.000
2014-08-21	3.230	3.260	3.150	3.180	362306	115464960.000
2014-08-22	3.180	3.190	3.130	3.170	263207	83120464.000
2014-08-25	3.170	3.190	3.080	3.090	348831	108488704.000
2014-08-26	3.070	3.130	3.030	3.040	255127	78266608.000
2014-08-27	3.040	3.070	3.030	3.050	138649	42320580.000
2014-08-28	3.060	3.060	2.970	2.980	252741	75932560.000
2014-08-29	2.970	3.030	2.960	3.030	143563	43150208.000
2014-09-01	3.040	3.080	3.030	3.070	166566	51010724.000
2014-09-02	3.070	3.180	3.050	3.160	468036	146024864.000
2014-09-03	3.170	3.220	3.140	3.210	567675	180734688.000
2014-09-04	3.250	3.380	3.250	3.340	1081819	359702624.000
2014-09-05	3.310	3.340	3.250	3.330	526029	173431184.000
2014-09-09	3.320	3.470	3.280	3.380	613860	207348256.000
2014-09-10	3.360	3.480	3.330	3.400	646396	220914480.000
2014-09-11	3.400	3.470	3.330	3.350	573858	194848960.000
2014-09-12	3.330	3.690	3.300	3.630	1468545	516763488.000
2014-09-15	3.600	3.700	3.560	3.630	852054	310350624.000
2014-09-16	3.630	3.850	3.570	3.580	1253168	464954624.000
2014-09-17	3.580	3.780	3.530	3.740	937793	343495584.000
2014-09-18	3.740	3.830	3.670	3.730	735105	275451328.000
2014-09-19	3.720	3.730	3.610	3.670	575605	210942096.000
2014-09-22	3.650	3.720	3.620	3.660	431944	157876640.000
2014-09-23	3.650	3.760	3.640	3.720	576604	213547760.000
2014-09-24	3.710	3.840	3.690	3.810	677228	256738768.000
2014-09-25	3.810	3.850	3.730	3.740	592665	224549904.000
2014-09-26	3.740	3.790	3.710	3.780	393759	147543616.000
2014-09-29	3.910	4.160	3.910	4.160	1557149	640046336.000
2014-09-30	4.090	4.250	4.060	4.180	823001	342198624.000
2014-10-08	4.190	4.600	4.120	4.600	1299540	576842240.000
2014-10-09	4.650	4.990	4.550	4.720	1936499	920446016.000
2014-10-10	4.730	4.840	4.590	4.780	919416	431317056.000
2014-10-13	4.710	4.830	4.670	4.770	915832	435929440.000
2014-10-14	4.880	5.250	4.840	5.250	1299649	668856768.000
2014-10-15	5.580	5.660	5.170	5.320	2985192	1608909568.000
2014-10-16	5.300	5.850	5.200	5.450	2929005	1614395520.000
2014-10-17	5.000	5.170	4.910	4.980	2065283	1039514432.000
2014-10-20	4.990	5.120	4.910	5.000	1148240	574651584.000
2014-10-21	5.040	5.050	4.700	4.720	1453507	700964288.000
2014-10-22	4.720	4.840	4.620	4.770	945962	447568288.000
2014-10-23	4.730	4.770	4.590	4.600	676077	315428256.000
2014-10-24	4.630	4.690	4.520	4.560	767884	353711648.000
2014-10-27	4.510	4.660	4.470	4.610	577578	265176112.000
2014-10-28	4.630	5.070	4.600	4.990	1744630	853831808.000
2014-10-29	5.000	5.120	4.930	5.050	1410110	709042688.000
2014-10-30	5.060	5.080	4.930	4.960	839253	418044864.000
2014-10-31	4.960	4.980	4.760	4.890	886145	431382464.000
2014-11-03	4.870	5.150	4.820	5.050	1117182	558290432.000
2014-11-04	5.040	5.050	4.890	4.940	714071	355522976.000
2014-11-05	4.930	5.030	4.880	4.950	537592	266522160.000
2014-11-06	4.950	4.960	4.810	4.910	522729	254981376.000
2014-11-07	4.900	4.920	4.680	4.730	793209	380899264.000
2014-11-10	4.780	4.790	4.710	4.770	439891	209120768.000
2014-11-11	4.820	4.850	4.470	4.570	812928	377630880.000
2014-11-12	4.530	4.680	4.480	4.650	407005	186379888.000
2014-11-13	4.600	4.640	4.500	4.510	385356	174877952.000
2014-11-14	4.500	4.630	4.480	4.540	329774	150233072.000
2014-11-17	4.570	4.720	4.530	4.660	443588	205976304.000
2014-11-18	4.640	4.720	4.580	4.600	306127	142045600.000
2014-11-19	4.610	4.650	4.550	4.600	237425	109179944.000
2014-11-20	4.600	4.620	4.520	4.610	294173	134494672.000
2014-11-21	4.590	4.650	4.580	4.640	301891	139451248.000
2014-11-24	4.690	4.720	4.600	4.660	682103	317145728.000
2014-11-25	4.640	4.840	4.610	4.810	749126	354076800.000
2014-11-26	4.790	4.890	4.710	4.780	627621	301456800.000
2014-11-27	4.860	4.990	4.820	4.980	1188046	584081216.000
2014-11-28	4.970	5.040	4.850	4.940	819350	406003040.000
2014-12-01	4.900	4.930	4.780	4.870	665748	322532544.000
2014-12-02	4.860	4.990	4.830	4.980	771310	378189472.000
2014-12-03	5.020	5.110	4.920	5.060	1228691	617061120.000
2014-12-04	5.050	5.150	4.980	5.090	991289	502117088.000
2014-12-05	5.160	5.500	4.810	5.480	2382457	1245118848.000
2014-12-08	5.460	5.990	5.310	5.860	2386555	1369196800.000
2014-12-09	5.840	6.280	5.280	5.350	2563806	1510423424.000
2014-12-10	5.320	5.650	5.190	5.640	1431078	778135232.000
2014-12-11	5.670	6.170	5.600	6.060	1806528	1075371776.000
2014-12-12	6.040	6.150	5.860	5.990	1103152	660780288.000
2014-12-15	5.820	5.900	5.610	5.820	1093176	632207872.000
2014-12-16	5.800	6.060	5.760	6.000	1004766	594949504.000
2014-12-17	5.970	6.090	5.760	6.080	1346646	799695232.000
2014-12-18	6.080	6.540	5.950	6.410	1778937	1109391360.000
2014-12-19	6.370	6.970	6.020	6.900	1863318	1205452544.000
2014-12-22	6.800	7.190	6.210	6.230	2305755	1523945600.000
2014-12-23	6.170	6.210	5.620	5.690	1235205	736393216.000
2014-12-24	5.740	6.050	5.690	5.950	883135	515194432.000
2014-12-25	5.930	6.100	5.860	6.070	721593	433639008.000
2014-12-26	6.070	6.110	5.920	5.990	914248	548946752.000
2014-12-29	5.980	6.290	5.910	6.160	1147847	700940416.000
2014-12-30	6.090	6.240	5.950	5.960	717418	436634208.000
2014-12-31	5.970	6.550	5.950	6.350	1471276	916832640.000
2015-01-05	6.300	6.880	6.260	6.520	1480525	973802496.000
2015-01-06	6.450	6.580	6.320	6.460	971296	626596736.000
2015-01-07	6.430	6.650	6.410	6.580	866700	566151040.000
2015-01-08	6.580	6.780	6.290	6.400	1179463	775206592.000
2015-01-09	6.300	6.420	6.080	6.130	939033	591366144.000
2015-01-12	6.040	6.120	5.860	5.870	706439	421799520.000
2015-01-13	5.820	5.960	5.790	5.890	364183	214775232.000
2015-01-14	5.870	5.940	5.690	5.740	523691	303726752.000
2015-01-15	5.750	5.950	5.700	5.930	398785	232534880.000
2015-01-16	5.940	6.080	5.930	5.990	425381	254788224.000
2015-01-19	5.700	5.860	5.390	5.460	862798	482113984.000
2015-01-20	5.550	5.770	5.460	5.680	616522	347103200.000
2015-01-21	5.700	5.990	5.660	5.960	715760	420664800.000
2015-01-22	5.990	6.270	5.920	6.190	820710	504415552.000
2015-01-23	6.170	6.210	6.030	6.090	594440	362801632.000
2015-01-26	6.200	6.340	6.120	6.320	786189	490824128.000
2015-01-27	6.330	6.380	6.090	6.210	705548	438668800.000
2015-01-28	6.220	6.450	6.220	6.270	899213	570530560.000
2015-01-29	6.160	6.200	6.050	6.090	528084	323443168.000
2015-01-30	6.110	6.160	5.880	5.900	507980	304169056.000
2015-02-02	5.800	5.830	5.740	5.790	316714	183384912.000
2015-02-03	5.820	5.920	5.760	5.900	300655	175666464.000
2015-02-04	5.900	5.910	5.760	5.780	288138	168222576.000
2015-02-05	5.850	5.880	5.750	5.760	296434	172073216.000
2015-02-06	5.820	6.050	5.800	5.960	743807	440930112.000
2015-02-09	6.070	6.210	5.900	5.940	527625	318986272.000
2015-02-10	5.860	5.970	5.800	5.960	338197	199171360.000
2015-02-11	5.980	6.080	5.940	6.070	307760	185304256.000
2015-02-12	6.090	6.130	6.010	6.120	341781	207661888.000
2015-02-13	6.170	6.200	6.100	6.110	470229	289408224.000
2015-02-16	6.110	6.160	6.050	6.160	382195	233175536.000
2015-02-17	6.170	6.220	6.140	6.160	384806	237793104.000
2015-02-25	6.220	6.440	6.160	6.350	795599	503494624.000
2015-02-26	6.330	6.490	6.230	6.480	804799	513165376.000
2015-02-27	6.500	6.620	6.430	6.470	779392	507674048.000
2015-03-02	6.550	6.770	6.470	6.750	952856	630130304.000
2015-03-03	6.770	7.380	6.750	7.090	1911461	1349802240.000
2015-03-04	7.080	7.180	6.870	7.120	1054623	741146624.000
2015-03-05	7.100	7.120	6.810	6.830	853839	590552832.000
2015-03-06	6.830	6.930	6.690	6.700	593454	402418144.000
2015-03-09	6.730	6.830	6.660	6.830	435708	294673440.000
2015-03-10	6.780	6.860	6.740	6.760	451880	306908704.000
2015-03-11	6.760	6.770	6.510	6.610	635626	421000064.000
2015-03-12	6.580	6.680	6.540	6.650	398779	263801328.000
2015-03-13	6.670	6.750	6.660	6.700	317528	212595232.000
2015-03-16	6.760	6.960	6.710	6.950	642564	439149024.000
2015-03-17	7.000	7.170	6.890	7.020	987102	692681472.000
2015-03-18	7.030	7.100	6.980	7.060	791872	557377088.000
2015-03-19	7.050	7.280	6.980	7.200	1041826	744094400.000
2015-03-20	7.200	7.230	7.050	7.090	734712	522976352.000
2015-03-23	7.090	7.150	7.030	7.120	872470	618409664.000
2015-03-24	7.070	7.110	6.770	6.940	1110789	772579392.000
2015-03-25	6.910	7.070	6.830	7.000	760644	526784096.000
2015-03-26	7.000	7.540	6.950	7.430	1835704	1335010560.000
2015-03-27	7.350	7.450	7.170	7.240	957637	696825856.000
2015-03-30	7.250	7.330	7.140	7.280	873081	632390784.000
2015-03-31	7.370	7.370	7.150	7.160	794904	576021568.000
2015-04-01	7.170	7.220	7.100	7.190	715745	513131968.000
2015-04-02	7.200	7.230	7.100	7.170	708122	507211136.000
2015-04-03	7.150	7.320	7.110	7.310	951702	689186624.000
2015-04-07	7.320	7.460	7.320	7.380	891076	657637888.000
2015-04-08	7.420	7.420	7.120	7.220	863447	627268736.000
2015-04-09	7.170	7.850	7.170	7.630	2016658	1521816704.000
2015-04-10	7.550	8.100	7.460	7.940	1748920	1381553664.000
2015-04-13	7.940	8.440	7.940	8.280	1414872	1168960768.000
2015-04-14	8.360	8.440	8.100	8.320	1080149	887539136.000
2015-04-15	8.310	8.310	7.780	7.990	1145744	927011200.000
2015-04-16	7.960	8.290	7.800	8.250	972902	787455872.000
2015-04-17	8.370	8.990	8.310	8.550	1609143	1387843328.000
2015-04-20	8.500	9.390	8.280	9.050	2119468	1865464192.000
2015-04-21	8.880	9.960	8.800	9.960	1674854	1611593472.000
2015-04-22	10.400	10.960	10.120	10.410	3595072	3794717184.000
2015-04-23	10.310	11.110	10.260	11.050	2610459	2748313088.000
2015-04-24	10.600	10.990	10.400	10.650	1757957	1876279040.000
2015-04-27	10.850	11.370	10.760	11.130	1987913	2200183040.000
2015-04-28	10.880	10.880	10.150	10.250	2007667	2104647552.000
2015-04-29	10.160	10.650	10.030	10.340	970225	1006939136.000
2015-04-30	10.340	10.450	10.100	10.140	903498	923058304.000
2015-05-04	10.070	10.520	10.010	10.240	847998	875229504.000
2015-05-05	10.220	10.220	9.330	9.410	1068016	1050546688.000
2015-05-06	9.490	9.650	8.690	9.030	844138	784904640.000
2015-05-07	9.030	9.090	8.580	8.680	732124	640863616.000
2015-05-08	8.800	9.220	8.660	9.190	789403	701070528.000
2015-05-11	9.360	9.650	9.200	9.560	829352	783650432.000
2015-05-12	9.580	9.970	9.460	9.820	808454	786280448.000
2015-05-13	9.700	9.880	9.350	9.470	806740	776399104.000
2015-05-14	9.470	9.570	9.160	9.270	631089	586106496.000
2015-05-15	9.200	9.240	8.970	9.070	505239	459376640.000
2015-05-18	9.000	9.590	8.930	9.490	773806	721524608.000
2015-05-19	9.450	9.790	9.400	9.620	738370	710249152.000
2015-05-20	9.700	10.060	9.540	9.850	1163795	1141608704.000
2015-05-21	9.770	10.830	9.660	10.710	1447883	1494739712.000
2015-05-22	10.740	10.950	10.390	10.620	1448139	1542814592.000
2015-05-25	10.420	11.180	10.380	10.910	1379530	1491818624.000
2015-05-26	11.000	12.000	10.900	12.000	2351739	2752172800.000
2015-05-27	11.990	11.990	11.380	11.630	1735972	2027712896.000
2015-05-28	11.580	11.970	10.470	10.470	1669112	1864486400.000
2015-05-29	10.350	10.620	9.500	10.190	1067287	1082693376.000
2015-06-01	10.580	10.850	10.380	10.760	851174	907758848.000
2015-06-02	10.800	11.600	10.800	11.330	1088716	1220248320.000
2015-06-03	11.340	11.750	10.700	11.590	1300872	1453459456.000
2015-06-04	11.450	11.600	10.450	11.350	1021625	1142091648.000
2015-06-05	11.500	12.350	11.350	12.040	1814286	2164731904.000
2015-06-08	12.450	13.190	12.170	12.910	1982710	2539462912.000
2015-06-09	12.890	13.490	12.250	12.970	1724316	2202079744.000
2015-06-10	12.590	12.950	12.410	12.660	1021424	1302335616.000
2015-06-11	12.670	13.420	12.500	13.110	1362742	1777096448.000
2015-06-12	13.130	14.420	12.990	14.420	1571294	2179074816.000
2015-06-15	15.500	15.860	14.800	15.190	2901239	4514830848.000
2015-06-16	14.620	15.940	14.500	15.120	2383584	3619490048.000
2015-07-02	13.610	13.610	13.610	13.610	73314	99780352.000
2015-07-03	12.250	12.250	12.250	12.250	42319	51840776.000
2015-07-06	11.070	13.430	11.030	12.470	3638676	4312684032.000
2015-07-07	11.220	11.780	11.220	11.220	744502	840010880.000
2015-07-08	10.100	10.590	10.100	10.100	4161536	4251256320.000
2015-07-09	9.100	11.110	9.090	11.110	1177158	1228157824.000
2015-07-10	11.130	12.220	11.120	12.220	1358874	1635170816.000
2015-07-13	12.270	13.440	11.830	13.440	1615017	2068890752.000
2015-07-14	13.000	13.970	12.300	12.480	1256467	1649236608.000
2015-07-15	11.900	12.310	11.190	11.190	519360	597310400.000
2015-07-16	11.190	11.680	10.180	11.010	734429	814730432.000
2015-07-17	11.300	12.110	11.060	12.110	703386	823907456.000
2015-07-20	12.340	13.320	12.120	12.710	979475	1255861888.000
2015-07-21	12.700	13.200	12.260	12.640	981681	1264080256.000
2015-07-22	12.500	13.900	12.320	13.900	1311220	1741304960.000
2015-07-23	15.150	15.290	14.850	15.290	1404518	2137272960.000
2015-07-24	16.400	16.820	16.020	16.820	2915850	4852568576.000
2015-07-27	16.180	17.790	15.280	15.640	2858217	4833845248.000
2015-07-28	14.390	16.600	14.100	16.070	2115945	3216119808.000
2015-07-29	15.780	17.060	14.750	16.540	1948070	3078272000.000
2015-07-30	16.100	18.190	15.800	17.380	2667871	4638393344.000
2015-07-31	16.900	17.300	15.640	15.640	1876722	3058759168.000
2015-08-03	14.500	14.880	14.080	14.080	839432	1197090432.000
2015-08-04	13.800	15.490	13.800	15.490	1563780	2338190848.000
2015-08-05	15.680	16.870	14.890	15.880	1912827	3047129088.000
2015-08-06	14.970	15.750	14.580	14.700	1007663	1521343744.000
2015-08-07	15.000	15.700	14.750	15.150	955222	1460109184.000
2015-08-10	15.800	16.670	15.450	16.670	1438970	2332976128.000
2015-08-11	17.200	18.340	16.090	17.730	2290431	3965366016.000
2015-08-12	17.700	19.500	17.170	19.500	2513686	4761576960.000
2015-08-13	19.500	21.450	18.890	21.450	2537434	5096029696.000
2015-08-14	22.100	23.600	21.580	23.600	2212507	5052194816.000
2015-08-17	23.960	25.960	23.360	25.960	1403826	3486824192.000
2015-08-18	27.250	27.700	23.360	23.360	2023382	4959208448.000
2015-08-19	21.020	25.190	21.020	24.250	2643135	5911442944.000
2015-08-20	22.990	23.200	21.830	21.830	1559266	3462185216.000
2015-08-21	20.500	22.500	19.650	20.010	1535386	3229458688.000
2015-08-24	18.800	19.500	18.010	18.010	962479	1763564800.000
2015-08-25	16.210	16.800	16.210	16.210	760174	1236722688.000
2015-08-26	15.650	17.400	14.590	14.820	1965657	3140311040.000
2015-08-27	15.550	16.300	14.050	16.300	1993925	3114144256.000
2015-08-28	16.790	17.930	16.460	17.930	1948666	3388379904.000
2015-08-31	18.270	19.520	17.720	17.910	2069336	3820704256.000
2015-09-01	17.000	17.000	16.120	16.120	1050056	1711113472.000
2015-09-02	14.510	17.140	14.510	14.510	1630424	2491470848.000
2015-09-07	14.820	15.830	13.300	13.780	2316753	3384261888.000
2015-09-08	12.850	14.130	12.400	13.340	1979435	2544507136.000
2015-09-09	13.320	14.140	12.220	13.680	4353148	5757669376.000
2015-09-10	13.000	15.010	12.800	14.500	4014316	5714397184.000
2015-09-11	14.200	14.510	13.700	14.110	2758082	3894402048.000
2015-09-14	14.390	14.970	12.700	12.700	2968620	4145954560.000
2015-09-15	11.710	12.080	11.430	11.430	1495390	1739865856.000
2015-09-16	11.210	12.570	10.710	12.520	2674429	3118301440.000
2015-09-17	12.280	12.900	11.320	11.390	2860386	3498783232.000
2015-09-18	11.450	12.290	11.000	12.100	2482418	2888890624.000
2015-09-21	11.900	12.560	11.730	12.390	2347803	2862824192.000
2015-09-22	12.410	12.680	12.020	12.160	1811191	2228811264.000
2015-09-23	11.680	12.490	11.480	12.020	1909406	2277120768.000
2015-09-24	11.990	13.180	11.990	13.090	3037074	3858131456.000
2015-09-25	12.820	13.480	12.010	12.290	2674266	3452112384.000
2015-09-28	12.050	12.890	11.600	12.570	1472466	1811174400.000
2015-09-29	12.010	12.360	11.700	11.960	1265373	1521198080.000
2015-09-30	12.100	12.400	11.710	12.050	1099417	1328532480.000
2015-10-08	12.510	13.260	12.230	13.260	2118939	2725744896.000
2015-10-09	13.250	13.440	12.930	13.170	2161831	2851040512.000
2015-10-12	13.090	14.120	13.080	13.500	2612308	3537381120.000
2015-10-13	13.480	14.270	13.010	13.840	2229658	3082477824.000
2015-10-14	13.790	13.790	13.140	13.160	1815004	2439206144.000
2015-10-15	13.040	14.470	13.030	14.220	2850323	3983292928.000
2015-10-16	14.440	15.360	13.860	15.050	3383531	4902368768.000
2015-10-19	14.900	16.380	14.680	15.890	3207266	4923416576.000
2015-10-20	15.600	16.090	15.100	15.610	2078160	3238409472.000
2015-10-21	15.800	16.300	14.050	14.050	2649949	3991009792.000
2015-10-22	14.050	15.100	13.680	14.880	2306119	3337531904.000
2015-10-23	14.870	15.000	14.350	14.640	2151795	3161200896.000
2015-10-26	14.780	14.880	14.200	14.450	1465691	2131714048.000
2015-10-27	14.440	15.200	13.830	15.020	1884749	2752572160.000
2015-10-28	14.950	15.000	14.180	14.270	1384547	2020919168.000
2015-10-29	14.400	15.050	14.390	14.530	1595813	2351016960.000
2015-10-30	14.260	14.410	13.910	14.120	985071	1396125184.000
2015-11-02	13.750	14.160	13.190	13.310	981121	1342102016.000
2015-11-03	13.360	13.490	12.800	12.980	873934	1144017152.000
2015-11-04	13.080	13.750	13.040	13.680	1051139	1414244352.000
2015-11-05	13.800	14.440	13.610	13.860	1857717	2603498752.000
2015-11-06	13.810	14.280	13.750	14.070	1399936	1962858752.000
2015-11-09	13.900	14.900	13.610	14.540	2196597	3143612672.000
2015-11-10	14.310	14.750	14.220	14.340	1574688	2270078720.000
2015-11-11	14.360	14.660	14.230	14.470	1204055	1740040448.000
2015-11-12	14.640	14.650	14.000	14.120	1255590	1787373184.000
2015-11-13	13.900	13.980	13.410	13.450	1083860	1480403456.000
2015-11-16	13.150	13.750	13.120	13.700	663987	899115776.000
2015-11-17	13.800	14.060	13.480	13.500	914298	1260596096.000
2015-11-18	13.490	13.640	13.180	13.320	645830	867907136.000
2015-11-19	13.320	13.650	13.300	13.600	576222	773657536.000
2015-11-20	13.650	14.600	13.400	14.280	1930228	2722874112.000
2015-11-23	14.000	14.500	13.960	14.070	1335507	1896692608.000
2015-11-24	13.980	14.350	13.810	14.300	987433	1398474240.000
2015-11-25	14.300	14.470	14.080	14.240	1063515	1517449600.000
2015-11-26	14.230	14.500	14.080	14.090	1141585	1627753984.000
2015-11-27	14.000	14.180	12.680	12.680	1207472	1618450560.000
2015-11-30	12.630	12.850	11.580	12.250	994341	1209482624.000
2015-12-01	12.250	12.440	11.900	12.180	722707	876697536.000
2015-12-02	12.210	12.440	12.010	12.400	663431	813151424.000
2015-12-03	12.400	12.600	12.300	12.500	577146	717097344.000
2015-12-04	12.380	12.480	12.130	12.170	632554	777876160.000
2015-12-07	12.020	12.390	11.990	12.190	496617	604095104.000
2015-12-08	12.190	12.190	11.650	11.690	593467	704091584.000
2015-12-09	11.800	11.880	11.440	11.550	548509	638518144.000
2015-12-10	11.650	11.750	11.400	11.480	455691	528562240.000
2015-12-11	11.440	11.590	11.300	11.390	433108	494523872.000
2015-12-14	11.250	12.420	11.200	12.190	834234	987837568.000
2015-12-15	12.100	12.140	11.910	11.920	581334	697532288.000
2015-12-16	12.000	12.090	11.790	11.830	430155	512620480.000
2015-12-17	11.890	12.150	11.890	12.040	537713	646883584.000
2015-12-18	12.120	12.480	11.900	12.230	811466	988852928.000
2015-12-21	12.150	12.330	12.040	12.210	530450	646283904.000
2015-12-22	12.270	12.310	12.060	12.150	396986	482486976.000
2015-12-23	12.200	12.290	12.000	12.030	478488	581800896.000
2015-12-24	12.000	12.010	11.500	11.710	477397	559120064.000
2015-12-25	11.710	11.900	11.560	11.770	323954	380258720.000
2015-12-28	11.800	11.900	11.380	11.410	485807	564155328.000
2015-12-29	11.430	11.680	11.350	11.620	312435	358740576.000
2015-12-30	11.620	11.650	11.460	11.530	305351	352559840.000
2015-12-31	11.560	11.650	11.410	11.470	259242	298919616.000
2016-01-04	11.540	11.750	10.320	10.330	387814	434239840.000
2016-01-05	9.680	10.450	9.500	10.010	579570	579269632.000
2016-01-06	10.100	10.370	10.030	10.300	412975	420632576.000
2016-01-07	10.050	10.120	9.270	9.270	128540	124148832.000
2016-01-08	9.500	9.650	8.500	9.230	536273	497466208.000
2016-01-11	9.140	9.170	8.310	8.310	566362	492668032.000
2016-01-12	8.320	8.800	8.010	8.490	587265	492013312.000
2016-01-13	8.550	8.650	8.000	8.030	452859	378744768.000
2016-01-14	7.780	8.320	7.680	8.280	507111	407413632.000
2016-01-15	8.200	8.450	7.880	7.980	525698	429578048.000
2016-01-18	7.800	8.700	7.750	8.400	699771	585030912.000
2016-01-19	8.300	8.930	8.250	8.810	836714	722188032.000
2016-01-20	8.650	8.950	8.600	8.630	669235	586267264.000
2016-01-21	8.450	8.730	8.030	8.070	496258	417493216.000
2016-01-22	8.250	8.390	7.990	8.310	415725	342029952.000
2016-01-25	8.400	8.550	8.270	8.370	429873	359875040.000
2016-01-26	8.270	9.020	8.080	8.160	1129928	965498752.000
2016-01-27	8.030	8.180	7.420	7.900	740288	576890496.000
2016-01-28	7.800	7.960	7.190	7.220	461215	352327712.000
2016-01-29	7.200	7.620	7.110	7.500	425305	315747584.000
2016-02-01	7.490	7.560	7.010	7.190	358468	261616240.000
2016-02-02	7.200	7.520	7.200	7.430	394855	292251104.000
2016-02-03	7.300	7.530	7.240	7.440	313949	232074768.000
2016-02-04	7.480	8.000	7.450	7.780	699301	538311616.000
2016-02-05	7.780	7.810	7.550	7.570	427543	328312384.000
2016-02-15	7.260	7.680	7.120	7.550	296033	221182640.000
2016-02-16	7.570	7.990	7.570	7.890	603558	473451776.000
2016-02-17	7.840	8.320	7.800	8.100	836986	679431744.000
2016-02-18	8.160	8.350	8.000	8.120	807332	658153024.000
2016-02-19	8.010	8.230	8.010	8.130	469820	381321920.000
2016-02-22	8.250	8.360	8.200	8.280	560725	464716800.000
2016-02-23	8.320	9.110	8.260	9.110	1985270	1778922752.000
2016-02-24	9.390	10.020	9.330	10.020	1097975	1063668544.000
2016-02-25	10.600	10.800	9.700	9.920	3134235	3220053760.000
2016-02-26	10.190	10.580	9.420	9.970	2521269	2530351872.000
2016-02-29	9.310	9.360	8.970	8.970	623830	564679360.000
2016-03-01	8.520	8.880	8.180	8.700	1575804	1345548032.000
2016-03-02	8.620	9.570	8.610	9.570	1876309	1731195136.000
2016-03-03	9.500	10.160	9.400	9.680	2010844	1951257600.000
2016-03-04	9.500	9.660	8.950	9.150	1247306	1161282816.000
2016-03-07	9.260	9.490	9.030	9.430	820010	761311488.000
2016-03-08	9.150	10.060	8.870	9.800	1314774	1244641792.000
2016-03-09	9.370	9.710	9.200	9.330	808664	761630080.000
2016-03-10	9.370	9.600	9.080	9.160	712314	664802816.000
2016-03-11	9.000	9.150	8.800	8.980	547949	492382080.000
2016-03-14	9.190	9.800	9.060	9.520	1019993	964515008.000
2016-03-15	9.460	9.610	9.350	9.360	776915	735769920.000
2016-03-16	9.400	9.480	9.120	9.300	680796	634193344.000
2016-03-17	9.390	9.690	9.250	9.670	1125690	1073137984.000
2016-03-18	9.700	10.280	9.610	10.050	1786433	1778877312.000
2016-03-21	10.150	10.680	9.930	10.240	1746690	1790560256.000
2016-03-22	10.060	10.170	9.910	9.950	998668	1003267584.000
2016-03-23	9.870	10.120	9.810	10.080	786220	785591616.000
2016-03-24	9.960	10.030	9.630	9.650	896730	883774080.000
2016-03-25	9.630	9.770	9.530	9.660	533830	515185728.000
2016-03-28	9.660	9.910	9.570	9.610	586839	573216000.000
2016-03-29	9.570	9.640	9.080	9.190	582628	540922624.000
2016-03-30	9.280	9.530	9.260	9.490	533260	500411488.000
2016-03-31	9.520	9.650	9.370	9.400	644733	611763200.000
2016-04-01	9.480	9.660	9.250	9.380	564198	531131104.000
2016-04-05	9.380	9.920	9.320	9.680	1035088	996885376.000
2016-04-06	9.560	9.670	9.430	9.540	657944	628144384.000
2016-04-07	9.610	9.640	9.210	9.250	559953	525096032.000
2016-04-08	9.190	9.350	9.070	9.190	498374	457638272.000
2016-04-11	9.240	9.450	9.240	9.290	440872	411783232.000
2016-04-12	9.290	9.430	9.170	9.290	426478	396750528.000
2016-04-13	9.350	9.640	9.310	9.450	790657	750209536.000
2016-04-14	9.520	9.840	9.450	9.760	1054109	1014940608.000
2016-04-15	9.700	9.820	9.440	9.540	829978	796703488.000
2016-04-18	9.470	9.470	9.280	9.320	397695	371220096.000
2016-04-19	9.360	9.410	9.210	9.310	295858	274685600.000
2016-04-20	9.350	9.370	8.480	8.700	720035	638675584.000
2016-04-21	8.690	8.780	8.400	8.450	384425	331604160.000
2016-04-22	8.450	8.560	8.310	8.470	288546	242946176.000
2016-04-25	8.420	8.440	8.170	8.270	327386	270020640.000
2016-04-26	8.270	8.360	8.200	8.350	225745	187230240.000
2016-04-27	8.380	8.450	8.250	8.270	250119	208999152.000
2016-04-28	8.300	8.310	7.980	8.150	275565	224131664.000
2016-04-29	8.150	8.180	8.050	8.110	165728	134520176.000
2016-05-03	8.160	8.480	8.110	8.440	305568	253593952.000
2016-05-04	8.390	8.800	8.340	8.530	511174	437818144.000
2016-05-05	8.500	8.590	8.410	8.500	263520	223578128.000
2016-05-06	8.550	8.640	8.100	8.110	407873	339253184.000
2016-05-09	8.050	8.050	7.610	7.670	321804	250060032.000
2016-05-10	7.680	7.860	7.680	7.750	211405	163799344.000
2016-05-11	7.810	7.960	7.700	7.810	312930	245431168.000
2016-05-12	7.720	7.790	7.560	7.780	220455	169163616.000
2016-05-13	7.770	7.890	7.660	7.710	168838	131200056.000
2016-05-16	7.700	7.800	7.580	7.780	197529	152073168.000
2016-05-17	7.790	7.890	7.740	7.780	283338	221313456.000
2016-05-18	7.700	7.700	7.410	7.520	270368	203694272.000
2016-05-19	7.560	7.640	7.500	7.510	205442	155449360.000
2016-05-20	7.450	7.630	7.390	7.610	231726	174894544.000
2016-05-23	7.680	7.880	7.670	7.800	374121	291554016.000
2016-05-24	7.790	7.790	7.600	7.630	227236	174292192.000
2016-05-25	7.700	7.790	7.580	7.620	188989	145253696.000
2016-05-26	7.630	7.640	7.370	7.580	257595	192930864.000
2016-05-27	7.550	7.670	7.490	7.530	212223	160663584.000
2016-05-30	7.490	7.520	7.410	7.450	154447	115272976.000
2016-05-31	7.470	7.760	7.470	7.750	385746	295701024.000
2016-06-01	7.750	8.140	7.720	7.960	604411	478527680.000
2016-06-02	7.890	7.970	7.840	7.900	326684	257964464.000
2016-06-03	7.950	7.980	7.850	7.910	327147	259008576.000
2016-06-06	7.930	7.930	7.830	7.850	209202	164649616.000
2016-06-07	7.860	7.940	7.810	7.830	202871	159360896.000
2016-06-08	7.780	7.870	7.690	7.770	240767	186857888.000
2016-06-13	7.640	7.750	7.400	7.410	281886	214921600.000
2016-06-14	7.400	7.600	7.400	7.500	210022	157580384.000
2016-06-15	7.400	7.710	7.370	7.640	279683	212350576.000
2016-06-16	7.620	7.660	7.510	7.530	250614	189426272.000
2016-06-17	7.560	7.620	7.510	7.540	210549	159384288.000
2016-06-20	7.520	7.580	7.480	7.520	139793	105032840.000
2016-06-21	7.570	7.650	7.430	7.470	255621	192951616.000
2016-06-22	7.430	7.560	7.430	7.550	159856	119979552.000
2016-06-23	7.540	7.710	7.500	7.590	327825	249324304.000
2016-06-24	7.590	7.610	7.120	7.370	348620	258612240.000
2016-06-27	7.300	7.620	7.300	7.580	327914	246312000.000
2016-06-28	7.530	7.640	7.510	7.630	338713	257184848.000
2016-06-29	7.660	7.800	7.640	7.750	489475	378296352.000
2016-06-30	7.760	7.780	7.610	7.640	264437	202713440.000
2016-07-01	7.660	7.750	7.640	7.690	257744	198137168.000
2016-07-04	7.610	7.990	7.600	7.940	625304	492254656.000
2016-07-05	8.390	8.720	8.100	8.150	963486	802742080.000
2016-07-06	8.050	8.500	8.020	8.400	859928	715545920.000
2016-07-07	8.350	8.350	8.100	8.170	491460	401877536.000
2016-07-08	8.170	8.270	8.120	8.130	327070	267397552.000
2016-07-11	8.140	8.350	8.100	8.160	487466	402009376.000
2016-07-12	8.200	8.340	8.030	8.330	573830	471453184.000
2016-07-13	8.340	8.390	8.220	8.270	455626	377087200.000
2016-07-14	8.250	8.330	8.210	8.250	277584	229253568.000
2016-07-15	8.610	8.910	8.400	8.400	895617	768474496.000
2016-07-18	8.380	8.870	8.310	8.790	1145867	993302656.000
2016-07-19	8.700	8.730	8.580	8.700	585321	506326400.000
2016-07-20	8.650	8.760	8.580	8.610	394565	341184192.000
2016-07-21	8.610	8.700	8.500	8.520	363187	312536256.000
2016-07-22	8.560	8.630	8.440	8.450	358602	306121632.000
2016-07-25	8.500	8.530	8.400	8.430	239439	202524976.000
2016-07-26	8.440	8.570	8.430	8.550	270767	230088592.000
2016-07-27	8.570	8.670	7.960	8.260	672982	564853632.000
2016-07-28	8.220	8.320	8.030	8.200	347264	284360512.000
2016-07-29	8.200	8.230	8.050	8.070	262184	212631888.000
2016-08-01	8.160	8.280	8.110	8.180	372131	305114848.000
2016-08-02	8.140	9.000	8.120	8.660	904078	782178688.000
2016-08-03	8.450	8.830	8.410	8.730	838202	726786240.000
2016-08-04	8.640	8.720	8.530	8.660	430798	370879008.000
2016-08-05	8.630	8.680	8.450	8.480	366773	313903680.000
2016-08-08	8.440	8.590	8.290	8.580	331247	280115520.000
2016-08-09	8.630	8.630	8.460	8.620	379890	324960320.000
2016-08-10	8.580	8.650	8.470	8.490	336604	287395808.000
2016-08-11	8.420	8.510	8.270	8.300	336779	282769760.000
2016-08-12	8.290	8.400	8.230	8.380	246701	204813824.000
2016-08-15	8.390	8.600	8.340	8.550	471117	400505696.000
2016-08-16	8.560	8.740	8.500	8.670	598823	517232928.000
2016-08-17	8.630	8.650	8.500	8.570	406472	348668000.000
2016-08-18	8.560	8.610	8.530	8.570	292972	251059152.000
2016-08-19	8.590	8.700	8.540	8.670	412819	355983840.000
2016-08-22	8.640	8.670	8.400	8.410	324157	276493824.000
2016-08-23	8.390	8.460	8.350	8.390	217001	182216704.000
2016-08-24	8.400	8.450	8.360	8.400	109297	91769560.000
2016-08-25	8.350	8.360	8.210	8.250	211661	174768528.000
2016-08-26	8.210	8.330	8.210	8.250	170472	140828976.000
2016-08-29	8.290	8.290	8.220	8.260	113889	94037584.000
2016-08-30	8.280	8.280	8.230	8.240	115803	95557992.000
2016-08-31	8.240	8.250	8.170	8.230	130971	107529984.000
2016-09-01	8.240	8.240	8.140	8.150	152976	125334032.000
2016-09-02	8.140	8.310	8.120	8.280	226064	185716352.000
2016-09-05	8.260	8.300	8.150	8.200	130028	107223520.000
2016-09-06	8.180	8.280	8.130	8.260	150189	123221840.000
2016-09-07	8.270	8.320	8.220	8.240	174506	144423424.000
2016-09-08	8.240	8.280	8.160	8.210	158745	130277112.000
2016-09-09	8.240	8.580	8.180	8.350	532112	446442080.000
2016-09-12	8.100	8.190	8.010	8.170	395260	320202400.000
2016-09-13	8.180	8.190	8.040	8.100	184945	149786272.000
2016-09-14	8.070	8.080	7.930	7.970	176246	140970480.000
2016-09-19	8.000	8.080	7.990	8.020	102342	82161304.000
2016-09-20	8.030	8.040	7.860	7.910	170198	134976656.000
2016-09-21	7.910	7.960	7.870	7.910	96269	76216376.000
2016-09-22	7.950	8.010	7.900	7.920	138181	109822096.000
2016-09-23	7.930	7.950	7.780	7.800	176152	138372048.000
2016-09-26	7.780	7.780	7.560	7.570	186718	142931712.000
2016-09-27	7.550	7.630	7.550	7.620	103751	78730080.000
2016-09-28	7.650	7.650	7.570	7.590	70542	53589288.000
2016-09-29	7.590	7.660	7.590	7.620	116893	89266872.000
2016-09-30	7.640	7.670	7.600	7.660	104119	79630024.000
2016-10-10	7.680	7.830	7.680	7.800	147468	114576448.000
2016-10-11	7.820	7.920	7.790	7.870	152223	119731136.000
2016-10-12	7.840	7.950	7.830	7.890	165996	131083016.000
2016-10-13	7.890	7.990	7.870	7.930	170362	135316112.000
2016-10-14	7.890	8.720	7.870	8.540	1058724	884673728.000
2016-10-17	8.440	9.270	8.410	9.000	1742061	1544601600.000
2016-10-18	8.950	9.130	8.760	9.100	1133455	1015335808.000
2016-10-19	9.030	9.060	8.860	8.910	612059	547649408.000
2016-10-20	8.960	9.200	8.850	9.040	898455	813029824.000
2016-10-21	8.920	8.950	8.620	8.680	860396	752513152.000
2016-10-24	8.710	8.800	8.610	8.750	517845	450908768.000
2016-10-25	8.740	8.760	8.620	8.670	459811	399464704.000
2016-10-26	8.660	8.660	8.460	8.520	440492	375858112.000
2016-10-27	8.540	8.570	8.440	8.530	322414	274698496.000
2016-10-28	8.490	8.650	8.390	8.400	298869	254229920.000
2016-10-31	8.370	8.510	8.350	8.500	227244	192054784.000
2016-11-01	8.500	8.560	8.450	8.550	207799	176884864.000
2016-11-02	8.510	8.530	8.330	8.340	298196	250644112.000
2016-11-03	8.310	8.660	8.280	8.510	420238	356790656.000
2016-11-04	8.510	8.620	8.340	8.360	302937	255631936.000
2016-11-07	8.330	8.370	8.230	8.260	262897	217658672.000
2016-11-08	8.290	8.530	8.290	8.390	377631	317500032.000
2016-11-09	8.400	8.440	8.150	8.220	401675	331960736.000
2016-11-10	8.310	8.370	8.190	8.270	584313	482594592.000
2016-11-11	8.290	8.490	8.230	8.440	931273	776861120.000
2016-11-14	8.400	8.600	8.360	8.590	811040	687132288.000
2016-11-15	8.550	8.850	8.530	8.630	1004441	871956096.000
2016-11-16	8.550	8.600	8.450	8.490	460220	391271680.000
2016-11-17	8.490	8.590	8.420	8.540	328267	279076192.000
2016-11-18	8.510	8.650	8.450	8.530	419420	358472416.000
2016-11-21	8.490	8.600	8.460	8.530	342181	291995296.000
2016-11-22	8.560	8.730	8.480	8.680	619200	534739968.000
2016-11-23	8.670	8.730	8.490	8.520	438926	377386592.000
2016-11-24	8.550	8.590	8.400	8.430	322834	274362240.000
2016-11-25	8.430	8.450	8.240	8.380	311783	260025248.000
2016-11-28	8.380	8.460	8.330	8.410	289379	243059680.000
2016-11-29	8.380	8.650	8.340	8.550	623853	530849984.000
2016-11-30	8.510	8.550	8.380	8.400	369478	311844736.000
2016-12-01	8.390	8.750	8.380	8.710	897886	773702656.000
2016-12-02	8.700	8.900	8.550	8.560	869474	756908288.000
2016-12-05	8.410	9.180	8.360	8.850	1176472	1030465792.000
2016-12-06	8.800	9.060	8.720	8.770	883024	782837760.000
2016-12-07	8.780	9.360	8.730	9.210	1612681	1466805376.000
2016-12-08	9.160	9.280	9.010	9.100	936881	853832512.000
2016-12-09	9.140	9.220	8.840	9.090	980004	883573568.000
2016-12-12	9.130	9.340	8.860	8.970	1686689	1539485952.000
2016-12-13	8.800	9.480	8.590	9.370	1671957	1522641920.000
2016-12-14	9.280	9.560	9.060	9.070	1608147	1498940800.000
2016-12-15	8.900	9.340	8.850	9.130	1105925	1008195584.000
2016-12-16	9.050	9.120	8.810	8.840	901198	805997888.000
2016-12-19	8.860	8.980	8.790	8.920	578269	514250208.000
2016-12-20	8.900	8.910	8.660	8.810	569850	499436512.000
2016-12-21	8.800	9.110	8.790	9.040	847158	761013312.000
2016-12-22	8.980	9.150	8.920	9.020	646781	584147456.000
2016-12-23	8.970	9.380	8.900	9.290	1376750	1269313664.000
2016-12-26	9.180	9.690	9.140	9.680	1652566	1558453248.000
2016-12-27	9.550	9.670	9.420	9.460	1092113	1039617088.000
2016-12-28	9.410	9.510	9.290	9.370	664948	623107584.000
2016-12-29	9.310	9.480	9.250	9.260	504433	470956000.000
2016-12-30	9.280	9.370	9.150	9.210	504509	467304544.000
2017-01-03	9.250	9.400	9.180	9.310	482535	450015488.000
2017-01-04	9.290	9.370	9.250	9.350	552866	514698080.000
2017-01-05	9.330	9.500	9.190	9.490	882117	824276608.000
2017-01-06	9.420	9.540	9.270	9.280	739907	697116160.000
2017-01-09	9.270	9.450	9.090	9.420	717621	665479040.000
2017-01-10	9.360	9.390	9.100	9.120	564126	522842080.000
2017-01-11	9.110	9.210	9.010	9.030	527177	479500960.000
2017-01-12	9.000	9.070	8.780	8.790	524546	466551648.000
2017-01-13	8.800	8.840	8.660	8.700	389302	340086560.000
2017-01-16	8.660	8.840	8.230	8.760	553705	478591616.000
2017-01-17	8.690	8.780	8.560	8.750	212769	184973968.000
2017-01-18	8.720	8.790	8.570	8.590	248517	215858656.000
2017-01-19	8.580	8.620	8.390	8.400	217220	184831296.000
2017-01-20	8.400	8.540	8.380	8.470	186175	157624416.000
2017-01-23	8.520	8.650	8.520	8.570	199459	171208672.000
2017-01-24	8.570	8.610	8.530	8.570	145839	124986136.000
2017-01-25	8.530	8.620	8.490	8.590	131494	112817960.000
2017-01-26	8.590	8.650	8.570	8.600	140188	120661640.000
2017-02-03	8.590	8.680	8.580	8.600	128672	110939536.000
2017-02-06	8.610	8.710	8.590	8.700	176314	152675776.000
2017-02-07	8.680	8.740	8.610	8.660	190032	164580704.000
2017-02-08	8.640	8.700	8.520	8.690	235682	203116176.000
2017-02-09	8.660	9.010	8.640	8.900	500579	441075488.000
2017-02-10	8.900	8.910	8.810	8.850	351613	311611712.000
2017-02-13	8.830	8.980	8.820	8.890	300288	267670784.000
2017-02-14	8.880	9.390	8.840	9.150	576636	525806528.000
2017-02-15	9.090	9.270	9.000	9.040	580418	529593376.000
2017-02-16	9.020	9.060	8.930	9.050	308636	278137120.000
2017-02-17	9.040	9.110	8.850	8.860	329942	295257856.000
2017-02-20	8.870	9.020	8.830	9.010	276901	247462592.000
2017-02-21	9.030	9.150	8.950	9.070	346952	313812704.000
2017-02-22	9.080	9.300	9.030	9.140	489379	449108128.000
2017-02-23	9.150	9.150	8.940	9.060	346713	312748928.000
2017-02-24	9.070	9.180	8.990	9.150	348863	317090880.000
2017-02-27	9.350	9.420	9.200	9.220	867498	805258368.000
2017-02-28	9.190	9.310	9.150	9.220	360737	332555744.000
2017-03-01	9.180	9.320	9.160	9.180	330783	305553344.000
2017-03-02	9.200	9.220	9.020	9.050	308049	280569568.000
2017-03-03	9.040	9.090	9.000	9.030	212928	192478656.000
2017-03-06	9.050	9.130	9.020	9.080	200997	182462960.000
2017-03-07	9.120	9.150	8.930	8.960	310940	280388352.000
2017-03-08	8.950	9.030	8.910	8.960	214826	192565408.000
2017-03-09	8.920	8.930	8.750	8.780	283241	250125712.000
2017-03-10	8.800	8.830	8.680	8.700	170107	148823552.000
2017-03-13	8.700	8.850	8.700	8.830	163376	143620624.000
2017-03-14	8.820	8.880	8.760	8.820	147830	130315760.000
2017-03-15	8.800	8.870	8.760	8.850	155480	137282064.000
2017-03-16	8.860	8.940	8.860	8.900	168806	150121376.000
2017-03-20	8.730	8.780	8.600	8.670	190318	165153808.000
2017-03-21	8.700	8.750	8.640	8.700	141363	123057168.000
2017-03-22	8.650	8.670	8.550	8.600	204969	176319376.000
2017-03-23	8.600	8.650	8.470	8.530	173518	148470304.000
2017-03-24	8.530	8.680	8.510	8.650	211450	181925248.000
2017-03-27	8.660	8.720	8.610	8.660	153530	132938672.000
2017-03-28	8.660	8.820	8.640	8.790	379041	332046816.000
2017-03-29	8.770	8.770	8.580	8.640	261334	226578720.000
2017-03-30	8.500	8.600	8.420	8.430	281805	239244832.000
2017-03-31	8.450	8.540	8.420	8.450	122259	103504080.000
2017-04-05	8.700	8.780	8.590	8.630	239406	206812768.000
2017-04-06	8.660	8.780	8.650	8.740	261019	227581408.000
2017-04-07	8.720	9.130	8.680	9.030	844959	757852160.000
2017-04-10	9.000	9.270	8.950	8.990	855796	779390080.000
2017-04-11	8.960	9.890	8.960	9.890	1072275	1010255872.000
2017-04-12	10.500	10.880	10.040	10.200	2890216	3025696512.000
2017-04-13	10.380	10.910	10.100	10.350	1826115	1905739392.000
2017-04-14	10.250	10.700	10.110	10.250	1627061	1696354432.000
2017-04-17	9.800	9.920	9.230	9.230	1556819	1457127168.000
2017-04-18	9.180	9.320	9.130	9.190	579128	533343968.000
2017-04-19	9.140	9.160	8.850	9.020	670280	602096064.000
2017-04-20	9.020	9.030	8.440	8.730	769542	672269504.000
2017-04-21	8.730	8.760	8.520	8.650	402695	347436448.000
2017-04-24	8.620	8.640	8.120	8.280	612167	508559072.000
